elt   T30A      T30B      T35A      T35B      T35C      T40A      T40B      T40C    
KE    1.28      1.84      1.23      2.03      2.47      1.21      2.00      2.54    
1H    11.6      11.6      12.8      12.8      12.8      13.7      13.7      13.7      
4He   10.3      10.3      12.0      12.0      12.1      13.9      13.9      13.9      
2H    1.21E-04  1.21E-04  1.26E-04  1.26E-04  1.26E-04  1.35E-04  1.35E-04  1.35E-04  
3He   6.81E-04  6.81E-04  7.68E-04  7.68E-04  7.68E-04  8.45E-04  8.45E-04  8.45E-04  
7Li   2.13E-07  1.65E-07  2.18E-07  1.50E-07  1.28E-07  2.00E-07  1.55E-07  1.36E-07  
7Be   2.48E-07  2.17E-07  2.92E-07  2.50E-07  2.35E-07  2.66E-07  2.34E-07  2.22E-07  
9Be   4.91E-13  3.46E-13  3.62E-13  1.80E-13  1.33E-13  4.83E-13  2.68E-13  2.00E-13  
10B   9.27E-12  1.04E-11  8.57E-12  1.07E-11  1.12E-11  7.85E-12  1.18E-11  1.21E-11  
11B   4.63E-07  4.45E-07  4.47E-07  4.74E-07  4.60E-07  3.65E-07  5.43E-07  5.27E-07  
11C   2.26E-07  1.94E-07  1.94E-07  2.06E-07  1.96E-07  1.71E-07  3.53E-07  3.52E-07  
12C   3.15E-01  3.15E-01  3.43E-01  3.53E-01  3.52E-01  3.40E-01  3.89E-01  3.89E-01  
13C   2.29E-05  2.19E-05  2.54E-05  2.53E-05  2.47E-05  2.59E-05  2.69E-05  2.65E-05  
14C   4.80E-07  4.97E-07  3.86E-07  4.32E-07  4.44E-07  6.02E-07  6.49E-07  6.33E-07  
13N   2.92E-06  2.27E-06  3.07E-06  2.14E-06  1.96E-06  4.07E-06  2.75E-06  2.50E-06  
14N   1.15E-03  1.15E-03  1.42E-03  1.42E-03  1.42E-03  1.68E-03  1.68E-03  1.68E-03  
15N   1.36E-04  1.50E-04  8.37E-05  1.68E-04  1.62E-04  3.90E-05  1.67E-04  1.97E-04  
16O   3.98      4.45      3.67      5.65      5.63      2.61      6.19      7.06      
17O   7.89E-06  7.90E-06  6.79E-06  6.83E-06  6.83E-06  6.72E-06  6.81E-06  6.81E-06  
18O   5.88E-06  5.72E-06  3.96E-06  3.83E-06  3.78E-06  8.00E-07  7.89E-07  7.80E-07  
19F   2.56E-05  2.31E-05  5.98E-05  7.35E-05  7.06E-05  4.39E-05  1.13E-04  1.08E-04  
20Ne  3.57E-01  3.51E-01  7.11E-01  9.38E-01  9.28E-01  5.32E-01  1.32      1.30      
21Ne  8.10E-05  7.84E-05  1.68E-04  2.05E-04  2.02E-04  1.73E-04  3.68E-04  3.62E-04  
22Ne  5.22E-04  5.21E-04  6.03E-04  6.09E-04  6.08E-04  6.20E-04  6.60E-04  6.58E-04  
22Na  4.05E-06  3.96E-06  9.48E-06  1.18E-05  1.17E-05  1.17E-05  2.41E-05  2.40E-05  
23Na  1.36E-03  1.35E-03  2.98E-03  3.54E-03  3.50E-03  3.18E-03  6.29E-03  6.27E-03  
24Na  6.54E-06  6.46E-06  4.26E-06  7.75E-06  7.39E-06  1.83E-06  7.58E-06  8.09E-06  
24Mg  2.55E-01  2.75E-01  1.80E-01  3.31E-01  3.29E-01  7.42E-02  2.83E-01  3.39E-01  
25Mg  8.83E-04  8.88E-04  1.50E-03  2.03E-03  2.00E-03  9.88E-04  2.53E-03  2.57E-03  
26Mg  7.31E-04  7.20E-04  1.51E-03  1.93E-03  1.91E-03  9.96E-04  2.46E-03  2.44E-03  
26Al  8.86E-05  9.14E-05  7.50E-05  1.78E-04  1.79E-04  2.61E-05  2.20E-04  2.30E-04  
27Al  9.18E-03  9.85E-03  5.27E-03  9.90E-03  9.81E-03  1.84E-03  8.11E-03  9.69E-03  
28Al  2.48E-07  3.44E-07  2.60E-08  7.73E-08  1.14E-07  7.01E-09  3.18E-08  5.50E-08  
28Si  1.16E-01  3.08E-01  1.80E-02  2.68E-01  2.73E-01  3.78E-03  2.73E-02  4.13E-01  
29Si  8.37E-04  1.59E-03  4.15E-04  1.60E-03  1.62E-03  1.26E-04  6.92E-04  1.95E-03  
30Si  2.08E-03  2.46E-03  6.22E-04  1.66E-03  1.67E-03  1.12E-04  9.10E-04  1.50E-03  
31P   6.75E-04  9.63E-04  1.53E-04  6.28E-04  6.28E-04  2.68E-05  2.18E-04  6.91E-04  
32S   3.33E-03  9.82E-02  2.37E-04  1.11E-01  1.13E-01  9.48E-05  4.31E-04  1.97E-01  
33S   4.61E-05  2.39E-04  3.01E-06  2.28E-04  2.46E-04  7.90E-07  1.38E-05  3.10E-04  
34S   1.05E-04  4.60E-04  1.50E-05  3.46E-04  3.69E-04  2.23E-06  2.14E-05  4.45E-04  
35S   1.65E-07  3.94E-07  2.71E-08  2.67E-07  2.62E-07  1.53E-08  4.67E-08  3.39E-07  
36S   4.79E-08  6.32E-08  6.06E-08  8.37E-08  8.35E-08  5.85E-08  9.79E-08  1.13E-07  
35Cl  6.94E-05  1.47E-04  5.56E-06  9.29E-05  9.22E-05  6.75E-07  8.71E-06  1.25E-04  
36Cl  1.37E-07  9.74E-07  1.60E-08  9.05E-07  8.84E-07  5.21E-09  2.14E-08  1.30E-06  
37Cl  6.64E-07  1.03E-06  7.82E-07  1.17E-06  1.17E-06  7.94E-07  1.08E-06  1.44E-06  
36Ar  1.15E-04  1.92E-02  1.56E-05  2.19E-02  2.25E-02  1.51E-05  2.32E-05  3.98E-02  
37Ar  6.44E-07  1.47E-05  3.34E-08  1.42E-05  1.51E-05  1.65E-08  8.74E-08  1.81E-05  
38Ar  2.27E-06  1.49E-04  1.89E-06  1.34E-04  1.42E-04  1.59E-06  3.11E-06  1.72E-04  
40Ar  3.06E-08  3.06E-08  5.17E-08  6.07E-08  6.03E-08  4.88E-08  8.89E-08  8.86E-08  
39K   2.31E-06  6.44E-05  8.94E-07  6.48E-05  7.14E-05  5.91E-07  1.57E-06  9.88E-05  
40K   2.07E-08  5.67E-08  2.81E-08  6.69E-08  6.48E-08  2.36E-08  4.83E-08  8.39E-08  
41K   2.65E-08  3.04E-08  3.78E-08  4.53E-08  4.50E-08  3.74E-08  5.64E-08  5.97E-08  
40Ca  9.80E-06  1.77E-02  1.06E-05  2.02E-02  2.11E-02  1.15E-05  1.19E-05  3.72E-02  
41Ca  3.57E-08  5.29E-06  2.95E-08  5.07E-06  5.69E-06  2.43E-08  3.48E-08  6.96E-06  
42Ca  7.17E-08  4.16E-06  6.90E-08  3.65E-06  4.46E-06  5.70E-08  1.12E-07  5.33E-06  
43Ca  1.17E-08  5.86E-08  1.89E-08  8.21E-08  5.87E-07  1.58E-08  3.31E-08  8.57E-07  
44Ca  8.24E-08  8.49E-08  1.09E-07  1.27E-07  1.32E-07  1.02E-07  1.56E-07  1.66E-07  
45Ca  1.26E-09  1.31E-09  2.78E-09  3.36E-09  3.36E-09  2.99E-09  5.66E-09  5.67E-09  
46Ca  1.93E-10  2.11E-10  5.94E-10  7.53E-10  7.57E-10  7.36E-10  1.54E-09  1.57E-09  
47Ca  4.66E-12  6.81E-12  9.01E-12  1.19E-11  1.30E-11  1.92E-11  3.57E-11  4.50E-11  
48Ca  1.58E-11  1.60E-11  1.83E-11  1.86E-11  1.88E-11  2.12E-11  2.36E-11  2.55E-11  
43Sc  2.05E-10  1.18E-07  1.19E-10  1.13E-07  7.17E-07  3.58E-11  2.59E-10  6.04E-07  
45Sc  1.73E-08  7.66E-07  2.04E-08  3.91E-07  8.47E-07  1.30E-08  3.29E-08  4.41E-07  
44Ti  2.70E-09  4.27E-05  2.78E-10  2.23E-05  2.01E-04  2.00E-11  1.18E-09  2.39E-04  
45Ti  3.30E-10  3.40E-07  5.53E-11  2.14E-07  2.10E-06  5.91E-12  2.52E-10  5.41E-07  
46Ti  6.03E-08  1.34E-06  3.45E-08  1.21E-06  2.51E-06  2.13E-08  5.52E-08  2.26E-06  
47Ti  1.57E-08  3.33E-07  1.33E-08  5.91E-07  2.27E-06  9.23E-09  2.20E-08  2.68E-06  
48Ti  1.62E-07  3.26E-07  1.83E-07  5.10E-07  4.08E-07  1.95E-07  2.10E-07  5.90E-07  
49Ti  2.14E-08  2.27E-08  3.13E-08  3.98E-08  3.67E-08  2.95E-08  4.60E-08  4.77E-08  
50Ti  4.89E-08  4.83E-08  6.06E-08  7.86E-08  7.79E-08  4.77E-08  1.03E-07  1.02E-07  
47V   2.81E-10  1.96E-07  5.71E-11  7.88E-08  8.59E-07  7.71E-12  3.50E-10  5.59E-07  
48V   1.11E-09  2.58E-05  2.07E-10  4.90E-05  3.99E-05  3.49E-11  6.67E-10  6.76E-05  
49V   1.35E-08  4.38E-06  5.84E-09  9.87E-06  6.60E-06  2.13E-09  9.71E-09  1.31E-05  
50V   3.29E-09  5.30E-09  3.47E-09  7.41E-09  7.10E-09  1.86E-09  5.82E-09  1.11E-08  
51V   1.92E-08  6.59E-08  1.94E-08  1.53E-07  3.07E-08  1.78E-08  2.63E-08  4.31E-08  
48Cr  8.44E-11  2.26E-04  3.89E-12  2.54E-04  5.89E-04  1.73E-13  1.63E-10  7.65E-04  
49Cr  6.41E-11  4.91E-06  2.71E-12  2.48E-06  9.60E-06  2.10E-13  1.49E-10  1.29E-05  
50Cr  1.87E-08  9.25E-06  8.62E-09  1.16E-05  1.13E-05  8.32E-09  1.18E-08  2.88E-05  
51Cr  6.71E-09  1.11E-05  9.79E-10  2.36E-05  8.48E-06  2.13E-10  2.27E-09  2.20E-05  
52Cr  1.68E-06  1.63E-05  1.88E-06  4.17E-05  4.00E-06  2.06E-06  2.09E-06  6.26E-06  
53Cr  9.82E-08  9.98E-08  1.13E-07  1.17E-07  1.17E-07  1.23E-07  1.29E-07  1.32E-07  
54Cr  1.00E-07  1.00E-07  1.32E-07  1.63E-07  1.63E-07  1.17E-07  2.12E-07  2.12E-07  
51Mn  5.19E-11  9.60E-06  2.32E-12  3.88E-06  1.94E-05  2.58E-13  7.51E-11  2.98E-05  
52Mn  7.12E-10  7.82E-04  2.99E-11  2.01E-03  2.69E-04  2.65E-12  5.97E-10  6.05E-04  
53Mn  6.05E-09  1.50E-04  1.08E-09  2.35E-04  1.99E-04  2.96E-10  2.56E-09  4.05E-04  
54Mn  4.78E-09  3.65E-07  1.18E-09  4.09E-07  3.79E-07  2.54E-10  2.27E-09  1.10E-06  
55Mn  3.28E-07  3.42E-07  3.64E-07  3.96E-07  4.01E-07  3.86E-07  4.12E-07  4.50E-07  
52Fe  4.01E-12  2.93E-03  5.09E-14  3.31E-03  5.61E-03  4.10E-15  1.18E-11  8.52E-03  
53Fe  4.54E-12  2.28E-05  5.11E-14  6.80E-06  4.50E-05  1.20E-14  9.75E-12  2.88E-05  
54Fe  6.01E-07  1.08E-03  6.72E-07  1.34E-03  1.34E-03  7.37E-07  7.39E-07  3.78E-03  
55Fe  2.67E-08  7.76E-05  1.36E-08  1.37E-04  1.44E-04  1.50E-08  2.05E-08  2.16E-04  
56Fe  1.07E-04  1.17E-04  1.21E-04  1.32E-04  1.35E-04  1.32E-04  1.33E-04  1.56E-04  
57Fe  4.39E-06  4.56E-06  5.12E-06  5.39E-06  5.62E-06  5.71E-06  6.03E-06  6.62E-06  
58Fe  3.27E-06  3.30E-06  3.74E-06  4.61E-06  4.62E-06  3.72E-06  6.00E-06  6.03E-06  
59Fe  1.16E-07  1.47E-07  1.56E-07  1.97E-07  2.16E-07  3.84E-07  5.26E-07  5.79E-07  
60Fe  1.46E-08  2.19E-08  2.14E-08  2.86E-08  3.30E-08  6.83E-08  1.01E-07  1.27E-07  
55Co  3.64E-11  4.49E-04  8.81E-12  5.12E-04  1.04E-03  4.43E-12  5.24E-11  1.73E-03  
56Co  8.48E-10  4.91E-03  3.15E-10  5.71E-03  7.69E-03  1.61E-10  9.13E-10  1.32E-02  
57Co  9.11E-08  3.50E-04  1.38E-08  3.07E-04  9.35E-04  2.95E-09  3.31E-08  1.54E-03  
58Co  3.61E-08  1.56E-07  6.39E-09  1.72E-07  3.14E-06  1.56E-09  1.63E-08  7.83E-06  
59Co  1.45E-06  1.45E-06  1.29E-06  1.72E-06  1.71E-06  9.20E-07  1.90E-06  1.92E-06  
60Co  8.26E-08  8.22E-08  1.11E-07  1.44E-07  1.43E-07  1.25E-07  2.58E-07  2.55E-07  
61Co  8.57E-09  9.82E-09  8.44E-09  1.09E-08  1.16E-08  1.47E-08  2.30E-08  2.64E-08  
56Ni  5.09E-12  1.76E-01  3.19E-13  1.80E-01  5.89E-01  4.16E-14  4.64E-12  6.96E-01  
57Ni  4.01E-11  2.69E-03  2.32E-12  2.28E-03  1.44E-02  6.93E-13  4.42E-11  1.57E-02  
58Ni  1.54E-06  5.54E-04  1.71E-06  5.45E-04  6.02E-03  1.87E-06  1.88E-06  1.13E-02  
59Ni  1.05E-07  3.77E-05  3.35E-08  4.34E-05  6.66E-04  2.35E-08  6.44E-08  7.86E-04  
60Ni  4.25E-06  2.94E-03  4.20E-06  1.72E-03  1.02E-02  3.92E-06  5.31E-06  1.44E-02  
61Ni  9.69E-07  1.04E-04  9.97E-07  5.66E-05  2.75E-04  7.53E-07  1.49E-06  4.37E-04  
62Ni  2.60E-06  3.40E-06  2.30E-06  2.79E-05  3.87E-04  1.69E-06  3.49E-06  7.62E-04  
63Ni  2.42E-07  2.43E-07  4.93E-07  6.24E-07  6.19E-07  4.13E-07  8.88E-07  8.80E-07  
64Ni  4.03E-06  3.95E-06  4.40E-06  5.83E-06  5.77E-06  3.19E-06  7.32E-06  7.25E-06  
65Ni  1.46E-08  1.53E-08  1.40E-08  1.75E-08  1.77E-08  1.62E-08  3.06E-08  3.24E-08  
59Cu  0.00      0.00      0.00      0.00      0.00      0.00      0.00      0.00      
60Cu  8.13E-11  7.59E-08  3.89E-11  6.18E-08  4.41E-03  1.59E-11  6.92E-11  1.27E-03  
61Cu  1.43E-09  3.41E-05  5.70E-10  1.89E-05  4.39E-04  1.29E-10  1.46E-09  3.13E-04  
62Cu  1.20E-09  1.41E-08  1.57E-10  6.85E-07  1.80E-05  4.32E-11  1.46E-09  2.53E-05  
63Cu  5.96E-07  1.80E-06  4.63E-07  2.37E-06  2.27E-05  3.31E-07  7.32E-07  3.79E-05  
64Cu  9.77E-08  9.86E-08  4.86E-08  9.32E-08  9.30E-08  2.16E-08  9.43E-08  1.01E-07  
65Cu  1.63E-06  1.63E-06  1.37E-06  1.91E-06  1.89E-06  9.67E-07  2.30E-06  2.31E-06  
66Cu  1.92E-09  1.87E-09  1.04E-09  1.66E-09  1.73E-09  1.56E-09  2.35E-09  2.72E-09  
60Zn  1.14E-16  8.21E-12  1.86E-17  3.88E-13  1.24E-05  5.32E-18  2.97E-17  9.54E-09  
61Zn  3.19E-16  6.75E-15  3.44E-17  4.22E-16  1.63E-08  5.13E-18  3.39E-17  3.88E-13  
62Zn  1.72E-10  6.90E-07  3.01E-11  3.80E-05  1.09E-03  1.21E-11  3.08E-10  1.42E-03  
63Zn  2.86E-10  1.66E-09  8.66E-11  2.82E-09  7.73E-06  3.76E-11  4.74E-10  3.19E-06  
64Zn  5.48E-07  1.77E-04  4.92E-07  4.44E-05  2.13E-04  3.92E-07  7.65E-07  1.96E-04  
65Zn  1.59E-07  2.63E-06  9.74E-08  7.95E-07  2.61E-06  6.25E-08  2.09E-07  3.33E-06  
66Zn  2.49E-06  3.93E-06  2.16E-06  4.08E-06  8.34E-06  1.54E-06  3.69E-06  1.40E-05  
67Zn  3.77E-07  3.72E-07  6.05E-07  7.94E-07  7.85E-07  4.47E-07  1.05E-06  1.04E-06  
68Zn  3.67E-06  3.68E-06  3.95E-06  5.38E-06  5.33E-06  2.95E-06  6.96E-06  7.00E-06  
69Zn  1.86E-08  1.87E-08  1.70E-08  2.21E-08  2.17E-08  1.83E-08  3.96E-08  3.97E-08  
64Ga  8.26E-13  1.04E-12  3.20E-13  6.14E-13  7.60E-07  1.58E-13  4.60E-13  6.40E-10  
65Ga  1.35E-11  1.80E-11  5.54E-12  1.81E-11  6.92E-07  2.38E-12  1.18E-11  8.40E-08  
66Ga  3.55E-10  2.57E-06  1.40E-10  1.29E-06  1.49E-05  5.21E-11  4.51E-10  2.63E-05  
67Ga  4.71E-08  5.20E-08  9.42E-09  3.64E-08  6.46E-08  1.53E-09  3.11E-08  1.06E-07  
68Ga  1.07E-08  1.10E-08  3.13E-09  1.07E-08  1.09E-08  6.55E-10  9.80E-09  1.24E-08  
69Ga  7.12E-07  7.71E-07  5.72E-07  9.13E-07  9.10E-07  4.27E-07  1.08E-06  1.21E-06  
70Ga  2.06E-08  2.03E-08  1.44E-08  2.56E-08  2.53E-08  1.18E-08  4.21E-08  4.47E-08  
64Ge  3.70E-19  5.70E-19  3.86E-20  1.19E-19  1.88E-10  1.35E-20  6.70E-20  1.24E-16  
65Ge  2.49E-22  5.89E-22  8.56E-24  3.28E-23  9.04E-18  2.59E-24  1.99E-23  3.74E-23  
66Ge  1.69E-12  5.22E-07  1.61E-13  2.73E-07  1.65E-05  1.61E-14  2.30E-12  1.08E-05  
67Ge  4.24E-12  5.21E-12  4.28E-13  6.79E-12  4.20E-09  4.33E-14  3.72E-12  7.41E-10  
68Ge  3.71E-09  8.46E-09  1.68E-10  1.77E-08  2.23E-08  3.06E-11  4.25E-09  4.79E-08  
69Ge  4.89E-09  7.18E-09  8.91E-10  8.42E-09  8.52E-09  3.53E-10  3.72E-09  1.21E-08  
70Ge  1.92E-06  2.40E-06  8.48E-07  2.17E-06  2.20E-06  5.69E-07  1.66E-06  2.92E-06  
71Ge  3.23E-06  3.17E-06  4.53E-06  6.02E-06  5.95E-06  3.58E-06  8.42E-06  8.33E-06  
Mass  26.9      28.0      29.8      32.8      33.2      31.1      35.8      38.2      
