elt   S30A      S30B      S35A      S35B      S35C      S40A      S40B      S40C   
KE    1.13      2.01      1.23      1.88      2.22      1.19      1.93      2.57   
1H    10.5      10.5      11.5      11.5      11.5      11.1      11.1      11.1      
4He   10.4      10.4      11.9      11.9      12.0      13.0      13.0      13.0      
2H    9.44E-05  9.45E-05  1.02E-04  1.02E-04  1.02E-04  8.87E-05  8.87E-05  8.87E-05  
3He   7.18E-04  7.18E-04  7.91E-04  7.91E-04  7.91E-04  7.74E-04  7.74E-04  7.74E-04  
7Li   2.74E-07  2.12E-07  1.94E-07  1.56E-07  1.45E-07  1.69E-07  1.34E-07  1.17E-07  
7Be   7.13E-07  6.25E-07  8.26E-07  7.34E-07  7.01E-07  8.19E-07  7.17E-07  6.62E-07  
9Be   3.79E-10  3.79E-10  4.40E-10  4.41E-10  4.41E-10  4.07E-10  4.07E-10  4.07E-10  
10B   2.90E-09  2.90E-09  3.18E-09  3.19E-09  3.19E-09  3.11E-09  3.11E-09  3.11E-09  
11B   8.55E-07  7.41E-07  5.39E-07  5.89E-07  5.69E-07  3.79E-07  6.04E-07  5.99E-07  
11C   3.14E-07  3.43E-07  3.73E-07  4.63E-07  4.65E-07  3.76E-07  5.76E-07  6.01E-07  
12C   2.86E-01  2.90E-01  3.01E-01  3.20E-01  3.20E-01  3.13E-01  3.63E-01  3.68E-01  
13C   1.59E-03  1.59E-03  1.65E-03  1.65E-03  1.65E-03  1.62E-03  1.62E-03  1.62E-03  
14C   1.80E-06  1.88E-06  1.72E-06  1.81E-06  1.80E-06  2.05E-06  2.15E-06  2.12E-06  
13N   0.00      0.00      0.00      0.00      0.00      0.00      0.00      0.00   
14N   1.04E-01  1.04E-01  1.25E-01  1.25E-01  1.25E-01  1.41E-01  1.41E-01  1.41E-01  
15N   1.65E-04  2.15E-04  1.25E-04  2.70E-04  2.89E-04  9.06E-05  2.91E-04  3.40E-04  
16O   3.65      4.88      3.07      5.82      6.36      2.36      6.03      7.63      
17O   1.06E-03  1.06E-03  1.29E-03  1.29E-03  1.29E-03  1.23E-03  1.23E-03  1.23E-03  
18O   5.86E-04  5.74E-04  3.12E-04  3.09E-04  3.08E-04  2.31E-04  2.31E-04  2.30E-04  
19F   1.05E-04  1.07E-04  1.63E-04  2.26E-04  2.21E-04  1.68E-04  2.98E-04  2.92E-04  
20Ne  3.81E-01  4.32E-01  5.15E-01  8.88E-01  8.81E-01  4.48E-01  1.24      1.29      
21Ne  3.01E-04  3.27E-04  5.48E-04  8.03E-04  8.00E-04  5.75E-04  1.26E-03  1.29E-03  
22Ne  5.41E-02  5.41E-02  5.77E-02  5.77E-02  5.77E-02  5.94E-02  5.94E-02  5.91E-02  
22Na  1.68E-06  1.94E-06  3.17E-06  5.81E-06  5.73E-06  3.60E-06  1.01E-05  1.02E-05  
23Na  6.48E-03  6.89E-03  1.47E-02  2.16E-02  2.15E-02  1.61E-02  3.68E-02  3.67E-02  
24Na  0.00      0.00      0.00      0.00      0.00      0.00      0.00      0.00      
24Mg  2.12E-01  2.82E-01  1.23E-01  2.87E-01  3.03E-01  6.80E-02  2.30E-01  3.10E-01  
25Mg  2.53E-02  2.88E-02  2.64E-02  4.45E-02  4.43E-02  2.21E-02  5.40E-02  5.71E-02  
26Mg  3.24E-02  3.56E-02  3.85E-02  6.02E-02  5.99E-02  3.36E-02  7.95E-02  8.22E-02  
26Al  1.83E-04  2.73E-04  1.33E-04  3.47E-04  3.45E-04  1.09E-04  2.51E-04  3.56E-04  
27Al  3.94E-02  5.08E-02  2.97E-02  6.36E-02  6.53E-02  2.06E-02  6.46E-02  7.70E-02  
28Al  0.00      0.00      0.00      0.00      0.00      0.00      0.00      0.00      
28Si  9.77E-02  3.16E-01  4.16E-02  1.12E-01  4.29E-01  2.47E-02  5.46E-02  5.61E-01  
29Si  2.39E-02  3.39E-02  1.04E-02  2.97E-02  3.24E-02  4.10E-03  1.65E-02  2.91E-02  
30Si  1.98E-02  3.45E-02  6.79E-03  2.40E-02  3.24E-02  2.46E-03  8.96E-03  3.08E-02  
31P   4.77E-03  7.29E-03  1.99E-03  5.58E-03  6.71E-03  1.09E-03  2.96E-03  6.35E-03  
32S   1.38E-02  9.99E-02  1.08E-02  1.68E-02  1.69E-01  1.02E-02  1.15E-02  2.36E-01  
33S   1.71E-04  5.62E-04  1.11E-04  2.64E-04  6.67E-04  9.85E-05  1.20E-04  8.26E-04  
34S   1.73E-03  7.30E-03  7.29E-04  2.29E-03  8.77E-03  5.44E-04  7.72E-04  1.06E-02  
35S   4.14E-05  5.79E-05  1.33E-05  4.17E-05  4.43E-05  6.51E-06  2.05E-05  3.48E-05  
36S   6.52E-05  8.33E-05  4.58E-05  9.00E-05  9.21E-05  3.55E-05  8.91E-05  1.04E-04  
35Cl  3.15E-04  7.10E-04  1.02E-04  3.60E-04  6.39E-04  7.69E-05  1.08E-04  7.50E-04  
36Cl  6.21E-06  1.14E-05  1.56E-06  6.17E-06  8.98E-06  8.68E-07  1.94E-06  9.13E-06  
37Cl  1.87E-04  2.08E-04  2.09E-04  3.16E-04  3.18E-04  1.91E-04  4.05E-04  4.21E-04  
36Ar  1.72E-03  1.60E-02  1.87E-03  1.98E-03  2.86E-02  1.90E-03  1.93E-03  3.90E-02  
37Ar  1.85E-06  3.13E-05  1.81E-06  3.30E-06  3.71E-05  1.85E-06  2.42E-06  5.48E-05  
38Ar  5.94E-04  2.65E-03  5.96E-04  8.14E-04  3.30E-03  5.65E-04  8.46E-04  4.18E-03  
40Ar  1.83E-05  2.14E-05  1.68E-05  3.08E-05  3.06E-05  1.31E-05  3.48E-05  3.76E-05  
39K   1.28E-04  3.31E-04  1.20E-04  1.66E-04  3.96E-04  1.12E-04  1.60E-04  5.09E-04  
40K   4.18E-06  5.08E-06  3.73E-06  6.22E-06  6.32E-06  3.22E-06  6.54E-06  7.43E-06  
41K   1.10E-05  1.18E-05  1.13E-05  1.50E-05  1.50E-05  1.06E-05  1.67E-05  1.73E-05  
40Ca  1.31E-03  1.33E-02  1.46E-03  1.48E-03  2.41E-02  1.48E-03  1.52E-03  3.16E-02  
41Ca  3.42E-06  1.25E-05  3.60E-06  4.20E-06  1.46E-05  3.54E-06  4.28E-06  1.97E-05  
42Ca  1.66E-05  7.32E-05  1.70E-05  2.26E-05  8.94E-05  1.64E-05  2.45E-05  1.14E-04  
43Ca  5.02E-06  7.34E-06  4.86E-06  7.26E-06  9.69E-06  4.39E-06  7.88E-06  9.87E-06  
44Ca  4.26E-05  4.52E-05  4.50E-05  5.40E-05  5.43E-05  4.37E-05  5.77E-05  6.01E-05  
45Ca  2.75E-06  3.24E-06  2.53E-06  4.93E-06  4.91E-06  1.97E-06  5.71E-06  6.14E-06  
46Ca  1.80E-06  2.24E-06  1.13E-06  2.61E-06  2.60E-06  6.92E-07  2.21E-06  2.67E-06  
47Ca  0.00      0.00      0.00      0.00      0.00      0.00      0.00      0.00
48Ca  3.32E-06  3.37E-06  3.68E-06  3.94E-06  3.93E-06  3.71E-06  4.18E-06  4.20E-06  
43Sc  1.32E-09  9.92E-07  5.66E-10  2.05E-09  1.31E-06  3.08E-10  1.30E-09  2.63E-06  
45Sc  2.56E-06  5.12E-06  1.85E-06  3.17E-06  4.00E-06  1.51E-06  2.41E-06  3.45E-06  
44Ti  4.92E-10  1.41E-04  1.00E-10  1.82E-09  1.98E-04  2.69E-11  1.47E-10  2.29E-04  
45Ti  7.20E-10  7.30E-07  3.58E-10  1.54E-09  3.99E-07  2.13E-10  8.98E-10  7.27E-07  
46Ti  7.13E-06  3.42E-05  7.40E-06  9.36E-06  3.92E-05  7.13E-06  9.25E-06  5.35E-05  
47Ti  6.03E-06  1.10E-05  6.25E-06  7.82E-06  1.41E-05  6.08E-06  7.92E-06  1.47E-05  
48Ti  4.79E-05  5.00E-05  5.24E-05  5.46E-05  5.69E-05  5.28E-05  5.58E-05  5.88E-05  
49Ti  9.23E-06  1.02E-05  9.61E-06  1.31E-05  1.31E-05  9.25E-06  1.46E-05  1.54E-05  
50Ti  1.96E-05  2.39E-05  1.76E-05  3.03E-05  3.11E-05  1.48E-05  3.19E-05  3.69E-05  
47V   1.87E-10  3.52E-07  8.41E-11  6.06E-10  1.81E-07  4.42E-11  2.01E-10  1.26E-06  
48V   1.18E-09  5.04E-05  4.49E-10  3.89E-09  1.09E-04  2.99E-10  1.02E-09  3.44E-05  
49V   2.34E-07  9.86E-06  7.00E-08  4.55E-07  3.22E-05  2.95E-08  1.18E-07  2.38E-05  
50V   3.29E-07  5.88E-07  1.22E-07  4.42E-07  5.69E-07  6.44E-08  1.95E-07  6.13E-07  
51V   1.00E-05  1.10E-05  1.06E-05  1.21E-05  1.30E-05  1.04E-05  1.23E-05  1.39E-05  
48Cr  6.78E-12  3.54E-04  1.23E-12  1.69E-11  5.24E-04  3.66E-13  2.74E-12  7.08E-04  
49Cr  3.26E-11  1.02E-05  1.64E-11  8.87E-11  5.70E-06  1.24E-11  1.60E-11  2.19E-05  
50Cr  1.52E-05  1.50E-04  1.68E-05  1.69E-05  2.72E-04  1.70E-05  1.70E-05  3.96E-04  
51Cr  8.11E-08  1.50E-05  1.39E-07  2.96E-07  6.80E-05  1.96E-07  2.01E-07  4.91E-05  
52Cr  3.25E-04  3.69E-04  3.60E-04  3.65E-04  4.52E-04  3.66E-04  3.75E-04  4.51E-04  
53Cr  3.95E-05  4.00E-05  4.38E-05  4.52E-05  4.53E-05  4.47E-05  4.68E-05  4.72E-05  
54Cr  3.97E-05  4.56E-05  3.84E-05  5.90E-05  5.92E-05  3.54E-05  6.50E-05  7.07E-05  
51Mn  1.16E-10  2.81E-05  7.62E-11  1.96E-10  1.50E-05  5.25E-11  1.53E-10  5.47E-05  
52Mn  9.42E-10  2.47E-04  6.00E-10  2.05E-09  2.34E-03  4.12E-10  1.27E-09  5.29E-04  
53Mn  7.03E-08  2.79E-04  2.48E-08  1.53E-07  6.58E-04  1.32E-08  3.49E-08  7.97E-04  
54Mn  1.04E-07  4.94E-06  2.97E-08  3.20E-07  8.98E-06  1.15E-08  4.40E-08  1.16E-05  
55Mn  3.03E-04  3.04E-04  3.29E-04  3.33E-04  3.33E-04  3.29E-04  3.34E-04  3.36E-04  
52Fe  1.62E-12  3.35E-03  3.13E-13  4.08E-12  4.10E-03  1.02E-13  6.18E-13  7.47E-03  
53Fe  4.09E-10  6.08E-05  4.59E-10  4.42E-10  1.17E-05  4.27E-10  4.02E-10  3.82E-05  
54Fe  1.49E-03  1.34E-02  1.65E-03  1.64E-03  2.60E-02  1.67E-03  1.67E-03  3.63E-02  
55Fe  1.25E-05  3.02E-04  2.58E-05  2.75E-05  7.67E-04  3.76E-05  3.79E-05  4.44E-04  
56Fe  2.50E-02  2.53E-02  2.77E-02  2.78E-02  2.82E-02  2.83E-02  2.84E-02  2.90E-02  
57Fe  9.98E-04  1.03E-03  1.17E-03  1.26E-03  1.27E-03  1.27E-03  1.41E-03  1.43E-03  
58Fe  9.92E-04  1.21E-03  9.16E-04  1.52E-03  1.56E-03  8.79E-04  1.69E-03  1.95E-03  
59Fe  3.97E-05  4.82E-05  5.46E-05  1.01E-04  1.04E-04  9.62E-05  2.31E-04  2.62E-04  
60Fe  1.88E-05  2.38E-05  2.51E-05  5.59E-05  5.63E-05  3.09E-05  8.32E-05  1.05E-04  
55Co  3.36E-09  1.67E-03  2.85E-09  4.49E-09  2.57E-03  2.37E-09  4.37E-09  3.69E-03  
56Co  1.20E-07  1.21E-02  9.94E-08  1.57E-07  1.87E-02  8.02E-08  1.54E-07  5.86E-03  
57Co  8.48E-07  1.79E-03  2.53E-07  1.65E-06  2.49E-03  1.04E-07  4.27E-07  8.82E-04  
58Co  5.32E-07  1.25E-05  2.13E-07  1.46E-06  2.35E-05  1.06E-07  5.00E-07  1.82E-05  
59Co  3.31E-04  3.99E-04  3.46E-04  5.31E-04  5.55E-04  2.98E-04  5.74E-04  6.55E-04  
60Co  8.64E-05  1.06E-04  6.69E-05  1.41E-04  1.40E-04  5.87E-05  1.69E-04  1.89E-04  
61Co  2.89E-05  4.46E-05  1.97E-05  6.92E-05  7.21E-05  6.25E-06  3.61E-05  7.11E-05  
56Ni  2.93E-11  4.40E-01  6.41E-12  5.83E-11  5.68E-01  2.27E-12  1.73E-11  6.91E-01  
57Ni  1.32E-09  1.36E-02  1.25E-09  1.40E-09  1.72E-02  1.09E-09  9.97E-10  2.11E-02  
58Ni  1.02E-03  2.26E-02  1.13E-03  1.13E-03  3.79E-02  1.15E-03  1.15E-03  3.57E-02  
59Ni  1.85E-05  1.12E-03  2.16E-05  2.25E-05  1.49E-03  2.14E-05  2.09E-05  1.56E-03  
60Ni  6.97E-04  1.09E-02  7.53E-04  9.06E-04  1.30E-02  7.14E-04  9.73E-04  1.31E-02  
61Ni  2.48E-04  7.86E-04  2.24E-04  3.70E-04  9.79E-04  1.89E-04  4.23E-04  7.19E-04  
62Ni  7.77E-04  2.48E-03  5.28E-04  1.05E-03  3.24E-03  4.10E-04  9.26E-04  2.11E-03  
63Ni  2.97E-04  3.45E-04  3.04E-04  5.67E-04  5.64E-04  2.38E-04  7.10E-04  7.49E-04  
64Ni  1.18E-03  1.48E-03  9.51E-04  1.88E-03  1.91E-03  7.15E-04  1.92E-03  2.27E-03  
65Ni  5.25E-06  7.15E-06  7.17E-06  1.57E-05  1.62E-05  6.33E-06  2.43E-05  2.96E-05  
59Cu  3.67E-13  4.91E-10  4.94E-13  6.00E-13  1.34E-12  4.15E-13  4.97E-13  9.80E-13  
60Cu  7.36E-09  1.31E-05  5.07E-09  1.07E-08  2.44E-07  2.96E-09  1.04E-08  1.68E-03  
61Cu  5.83E-08  1.73E-04  2.39E-08  7.54E-08  2.02E-04  1.23E-08  5.86E-08  6.02E-04  
62Cu  2.12E-08  3.83E-05  8.66E-09  2.80E-08  5.57E-05  4.57E-09  1.81E-08  7.38E-05  
63Cu  5.70E-05  9.30E-05  6.25E-05  8.03E-05  1.22E-04  5.93E-05  8.67E-05  1.28E-04  
64Cu  6.22E-06  9.85E-06  4.50E-06  1.18E-05  1.20E-05  3.02E-06  1.00E-05  1.50E-05  
65Cu  2.01E-04  2.63E-04  2.16E-04  3.86E-04  4.10E-04  1.91E-04  4.39E-04  5.51E-04  
66Cu  4.06E-07  1.16E-06  5.39E-07  1.92E-06  2.36E-06  5.93E-07  2.17E-06  3.91E-06  
60Zn  6.22E-15  4.70E-08  2.29E-15  7.18E-15  1.19E-13  9.28E-16  4.43E-15  2.31E-09  
61Zn  4.38E-15  5.39E-11  9.38E-16  3.60E-15  5.02E-15  3.40E-16  1.72E-15  7.25E-14  
62Zn  2.29E-09  2.13E-03  1.83E-09  3.92E-09  3.09E-03  1.36E-09  3.77E-09  4.14E-03  
63Zn  6.54E-09  6.19E-08  5.96E-09  1.19E-08  5.26E-08  4.38E-09  1.45E-08  7.48E-06  
64Zn  5.58E-05  1.15E-04  6.66E-05  8.18E-05  1.44E-04  6.56E-05  1.03E-04  1.75E-04  
65Zn  7.04E-06  1.10E-05  1.01E-05  1.72E-05  2.02E-05  1.03E-05  2.52E-05  3.01E-05  
66Zn  3.26E-04  4.57E-04  3.51E-04  5.94E-04  6.92E-04  3.06E-04  7.45E-04  9.00E-04  
67Zn  1.09E-04  1.27E-04  1.16E-04  2.03E-04  2.02E-04  9.81E-05  2.64E-04  2.75E-04  
68Zn  9.98E-04  1.32E-03  7.60E-04  1.64E-03  1.71E-03  5.28E-04  1.53E-03  1.98E-03  
69Zn  7.74E-06  1.14E-05  1.16E-05  2.87E-05  2.95E-05  8.10E-06  4.01E-05  4.85E-05  
65Ga  7.08E-10  1.07E-09  5.33E-10  1.23E-09  1.37E-09  3.53E-10  1.38E-09  8.31E-08  
64Ga  0.00      0.00      0.00      0.00      0.00      0.00      0.00      0.00      
66Ga  1.86E-08  4.64E-05  1.29E-08  3.13E-08  6.08E-05  8.05E-09  3.48E-08  3.66E-05  
67Ga  2.52E-07  4.90E-07  9.89E-08  4.06E-07  5.73E-07  4.56E-08  2.65E-07  5.10E-07  
68Ga  1.74E-07  3.01E-07  8.86E-08  3.39E-07  3.59E-07  4.78E-08  2.54E-07  3.84E-07  
69Ga  6.48E-05  8.62E-05  7.75E-05  1.41E-04  1.48E-04  7.31E-05  1.76E-04  2.23E-04  
70Ga  5.15E-06  9.99E-06  7.67E-06  2.60E-05  2.72E-05  3.99E-06  2.30E-05  3.53E-05  
64Ge  8.13E-18  1.10E-14  3.86E-18  1.19E-17  1.62E-17  1.81E-18  7.85E-18  1.71E-17  
65Ge  4.78E-21  3.45E-20  1.26E-21  7.54E-21  1.28E-20  4.17E-22  3.79E-21  9.88E-21  
66Ge  5.11E-12  9.92E-06  1.30E-12  7.67E-12  1.23E-05  4.60E-13  4.74E-12  5.17E-05  
67Ge  1.09E-11  2.27E-11  2.63E-12  1.53E-11  1.83E-11  8.76E-13  7.67E-12  4.79E-09  
68Ge  7.99E-09  3.52E-08  5.66E-09  2.11E-08  9.33E-08  3.91E-09  1.83E-08  6.73E-08  
69Ge  1.87E-07  4.39E-07  8.69E-08  3.55E-07  4.96E-07  5.10E-08  2.30E-07  5.61E-07  
70Ge  1.44E-04  2.66E-04  1.13E-04  2.71E-04  3.36E-04  9.12E-05  2.33E-04  4.26E-04  
71Ge  8.14E-04  9.71E-04  7.25E-04  1.39E-03  1.38E-03  5.57E-04  1.61E-03  1.74E-03  
Mass  25.9      28.2      27.8      31.3      33.2      27.7      32.5      36.0      
