elt   Z12A      Z13A      Z15A      Z18A      Z20A      Z22A      Z25A      Z25B    
KE    1.28      1.29      1.27      1.23      1.15      1.26      1.22      1.83    
1H    6.39      6.83      7.69      8.85      9.56      10.2      11.4      11.4      
4He   4.08      4.42      4.90      5.70      6.32      7.10      7.33      7.82      
2H    1.14E-05  1.00E-05  9.94E-06  8.57E-06  7.29E-06  7.29E-06  7.29E-06  7.29E-06  
3He   7.39E-05  7.80E-05  8.12E-05  8.78E-05  9.37E-05  9.63E-05  1.02E-04  1.02E-04  
7Li   1.00E-07  8.14E-08  1.10E-08  1.88E-09  1.05E-09  2.43E-08  5.64E-09  1.57E-09  
7Be   1.59E-07  2.89E-07  1.14E-06  1.95E-06  2.88E-06  1.24E-06  2.27E-06  2.97E-06  
9Be   5.35E-13  9.92E-13  8.33E-14  1.13E-15  5.18E-16  4.62E-14  1.61E-16  7.87E-14  
10B   1.42E-12  3.33E-12  6.82E-12  2.69E-11  2.68E-11  1.23E-11  6.92E-12  2.32E-11  
11B   1.84E-07  3.87E-07  5.02E-07  9.16E-08  8.80E-08  4.99E-07  1.57E-07  1.09E-06  
11C   3.05E-08  2.80E-08  4.45E-08  1.28E-08  1.14E-08  1.21E-07  9.96E-09  3.38E-07  
12C   4.30E-02  6.84E-02  1.45E-01  1.10E-01  8.98E-02  2.77E-01  8.31E-02  4.23E-01  
13C   8.36E-05  6.25E-06  9.89E-06  4.79E-06  4.58E-06  2.44E-05  2.23E-05  3.97E-05  
14C   1.80E-05  2.89E-07  4.11E-07  4.36E-07  4.04E-07  3.90E-07  7.53E-07  1.55E-06  
13N   1.33E-07  1.07E-07  2.25E-07  1.51E-07  1.19E-07  8.10E-07  4.67E-08  1.39E-06  
14N   2.18E-06  2.37E-06  3.63E-06  1.93E-06  1.68E-06  1.10E-05  2.17E-04  2.08E-04  
15N   3.23E-06  7.63E-06  2.10E-05  2.05E-07  8.09E-08  7.29E-05  2.23E-05  1.21E-04  
16O   6.67E-02  1.37E-01  4.00E-01  3.00E-02  9.21E-03  1.85      9.67E-03  2.33      
17O   1.02E-06  4.75E-08  1.62E-07  1.08E-09  6.71E-10  2.49E-07  5.24E-07  7.32E-07  
18O   5.07E-08  4.80E-08  8.99E-08  7.39E-08  6.15E-08  1.97E-07  8.54E-08  1.53E-07  
19F   2.21E-07  4.17E-06  1.51E-05  1.88E-08  4.75E-09  8.36E-05  3.03E-07  5.68E-05  
20Ne  2.55E-03  3.04E-02  9.28E-02  7.71E-04  2.11E-04  5.57E-01  1.30E-07  5.10E-01  
21Ne  1.07E-05  6.88E-06  2.24E-05  1.29E-06  8.66E-07  1.71E-04  5.13E-09  1.57E-04  
22Ne  4.97E-05  1.44E-06  3.91E-06  1.37E-07  1.91E-07  4.10E-05  4.44E-07  4.08E-05  
22Na  5.25E-08  3.03E-07  9.49E-07  1.09E-09  9.49E-10  8.19E-06  9.35E-13  1.22E-05  
23Na  9.83E-06  1.90E-04  5.68E-04  9.57E-10  1.01E-09  3.90E-03  1.04E-08  2.85E-03  
24Na  0.00      0.00      0.00      0.00      0.00      0.00      0.00      0.00      
24Mg  3.84E-03  1.49E-02  3.34E-02  4.76E-06  2.00E-06  9.31E-02  7.08E-09  9.25E-02  
25Mg  1.56E-05  9.09E-05  3.09E-04  3.68E-08  3.62E-08  1.00E-03  3.81E-09  6.62E-04  
26Mg  2.09E-05  8.93E-05  3.73E-04  6.22E-09  3.02E-09  1.01E-03  4.52E-08  6.06E-04  
26Al  2.82E-06  1.11E-05  2.58E-05  3.79E-11  5.70E-11  3.42E-05  3.38E-13  6.89E-05  
27Al  7.19E-05  5.55E-04  1.31E-03  1.47E-10  1.09E-10  2.43E-03  8.73E-10  1.88E-03  
28Si  2.49E-02  3.37E-02  6.81E-02  2.50E-09  1.58E-09  1.65E-01  1.54E-09  2.31E-01  
29Si  7.92E-05  1.95E-04  4.03E-04  6.70E-11  8.00E-11  3.93E-04  3.69E-10  6.60E-04  
30Si  9.27E-05  2.45E-04  4.33E-04  2.28E-10  3.10E-10  2.20E-04  8.24E-10  3.11E-04  
31P   4.16E-05  7.91E-05  1.62E-04  8.34E-11  1.10E-10  3.51E-04  1.43E-09  3.23E-04  
32S   8.52E-03  1.34E-02  2.58E-02  8.48E-12  1.08E-11  1.09E-01  1.26E-10  1.06E-01  
33S   2.54E-05  4.03E-05  9.02E-05  2.66E-13  3.48E-13  2.87E-04  1.62E-11  2.23E-04  
34S   1.15E-04  1.06E-04  2.26E-04  4.94E-11  5.66E-11  4.54E-04  3.84E-10  5.19E-04  
35S   1.29E-07  4.65E-08  1.05E-07  1.04E-11  1.52E-11  2.65E-07  2.25E-10  2.49E-07  
36S   8.96E-07  5.45E-09  1.10E-08  5.95E-11  2.10E-11  1.08E-08  1.54E-09  1.27E-08  
35Cl  9.82E-06  1.17E-05  3.47E-05  4.57E-13  6.40E-13  2.01E-04  2.06E-11  1.05E-04  
36Cl  7.92E-08  1.25E-07  2.93E-07  1.61E-14  2.14E-14  1.71E-06  8.42E-13  9.00E-07  
37Cl  1.79E-07  3.09E-08  1.34E-07  5.68E-10  7.21E-10  9.31E-07  1.83E-10  3.81E-07  
36Ar  1.56E-03  2.91E-03  4.81E-03  1.76E-09  2.44E-09  2.40E-02  3.27E-09  2.00E-02  
37Ar  1.92E-06  8.27E-07  4.35E-06  3.35E-12  4.44E-12  4.90E-05  5.27E-13  1.50E-05  
38Ar  3.72E-05  7.92E-06  7.13E-05  2.17E-10  1.69E-10  9.89E-04  1.50E-10  2.67E-04  
40Ar  5.21E-08  4.80E-11  1.03E-10  4.23E-12  5.62E-12  1.03E-09  1.08E-10  4.91E-10  
39K   1.20E-05  1.18E-05  2.44E-05  6.34E-12  8.27E-12  3.37E-04  4.45E-14  7.71E-05  
40K   3.63E-09  1.06E-09  1.13E-08  7.00E-13  9.24E-13  1.67E-07  5.01E-15  4.01E-08  
41K   6.23E-08  1.28E-10  1.01E-09  4.25E-12  9.84E-13  1.86E-08  1.40E-11  4.06E-09  
40Ca  1.42E-03  3.01E-03  4.19E-03  1.53E-16  1.67E-16  2.37E-02  1.15E-16  1.75E-02  
41Ca  1.04E-06  1.14E-06  1.63E-06  1.05E-17  9.33E-18  2.38E-05  4.27E-16  4.75E-06  
42Ca  2.09E-06  1.21E-06  2.52E-06  3.56E-13  3.54E-13  4.44E-05  2.55E-11  6.77E-06  
43Ca  5.04E-08  1.79E-07  2.13E-07  1.03E-13  8.72E-14  3.70E-07  6.78E-12  2.03E-07  
44Ca  1.35E-08  2.58E-09  4.78E-09  3.62E-13  2.24E-13  1.17E-08  3.97E-11  4.74E-09  
45Ca  5.87E-09  1.99E-12  2.42E-12  8.03E-14  5.24E-14  3.31E-11  2.34E-11  4.11E-11  
46Ca  1.47E-08  6.33E-14  2.06E-13  3.57E-14  4.32E-14  1.03E-11  6.72E-11  9.54E-11  
47Ca  7.05E-09  5.04E-15  5.21E-15  7.75E-15  1.37E-14  3.04E-13  1.20E-11  2.34E-11  
48Ca  6.28E-08  3.03E-14  5.90E-15  8.12E-15  6.18E-15  5.94E-13  2.20E-10  3.12E-10  
43Sc  2.38E-07  6.66E-07  3.64E-07  4.70E-19  8.23E-20  1.47E-06  1.16E-17  3.28E-07  
45Sc  1.43E-07  4.13E-07  1.24E-06  6.00E-15  5.81E-15  1.06E-06  4.14E-13  1.49E-06  
44Ti  5.96E-05  6.20E-05  7.47E-05  7.58E-20  1.91E-20  1.05E-04  6.56E-19  6.94E-05  
45Ti  6.85E-07  1.18E-06  1.79E-06  5.42E-19  1.26E-19  5.01E-06  7.96E-19  1.84E-06  
46Ti  3.07E-06  3.06E-06  2.64E-06  3.90E-14  1.71E-14  2.07E-05  1.90E-14  3.04E-06  
47Ti  4.80E-07  1.04E-06  1.26E-06  2.32E-14  5.62E-15  1.28E-06  6.02E-12  8.37E-07  
48Ti  4.48E-09  9.12E-09  3.38E-08  4.58E-14  8.95E-15  3.57E-08  9.99E-12  8.33E-08  
49Ti  1.18E-08  2.90E-10  6.37E-10  7.75E-14  8.32E-15  6.91E-10  2.12E-11  7.37E-10  
50Ti  1.41E-08  3.63E-12  1.06E-11  1.34E-13  1.15E-14  1.03E-10  1.06E-10  3.10E-10  
47V   2.45E-07  2.49E-07  8.25E-08  3.57E-20  1.95E-21  9.88E-07  2.71E-18  4.27E-07  
48V   3.59E-06  6.82E-06  1.31E-05  2.52E-19  1.31E-20  7.50E-06  2.14E-17  1.62E-05  
49V   2.19E-06  4.22E-06  4.72E-06  2.34E-18  8.86E-20  4.33E-06  4.06E-16  5.52E-06  
50V   6.00E-10  7.46E-10  1.74E-09  6.23E-18  1.19E-19  1.43E-08  1.10E-15  5.63E-09  
51V   7.07E-09  3.94E-09  8.41E-09  2.10E-14  3.40E-15  6.75E-09  9.82E-12  6.50E-09  
48Cr  1.30E-04  1.60E-04  1.73E-04  4.08E-24  9.65E-26  2.88E-04  2.86E-22  3.28E-04  
49Cr  1.77E-06  1.72E-06  8.21E-07  3.40E-24  3.62E-26  6.00E-06  1.48E-22  7.85E-06  
50Cr  3.53E-06  4.05E-06  7.27E-06  6.44E-20  7.25E-22  5.06E-05  2.65E-17  2.54E-05  
51Cr  1.75E-06  4.93E-06  6.20E-06  1.42E-18  1.23E-20  8.01E-06  1.54E-15  1.09E-05  
52Cr  3.62E-07  4.35E-07  1.08E-06  2.23E-14  3.46E-16  1.56E-06  4.31E-11  1.63E-06  
53Cr  1.41E-09  4.39E-10  1.19E-09  3.44E-15  3.42E-17  5.42E-09  7.16E-12  3.98E-09  
54Cr  6.64E-09  4.12E-10  4.21E-10  1.53E-14  1.01E-16  1.17E-09  6.39E-11  8.98E-10  
51Mn  1.61E-06  2.35E-06  1.48E-06  5.45E-21  1.81E-23  1.25E-05  3.97E-18  1.93E-05  
52Mn  3.90E-05  1.24E-04  1.56E-04  9.45E-20  5.35E-22  1.07E-04  1.15E-16  2.15E-04  
53Mn  3.68E-05  6.93E-05  6.17E-05  2.17E-19  6.24E-22  1.28E-04  2.06E-16  2.09E-04  
54Mn  8.26E-08  1.57E-07  2.66E-07  5.23E-19  1.21E-21  1.04E-06  9.13E-16  8.95E-07  
55Mn  7.96E-09  1.05E-08  1.10E-08  3.58E-15  4.71E-17  2.47E-08  1.00E-11  1.93E-08  
52Fe  5.39E-04  1.09E-03  8.76E-04  4.63E-25  1.11E-27  2.17E-03  2.50E-22  4.15E-03  
53Fe  8.31E-07  1.96E-07  1.59E-08  1.91E-26  7.87E-30  1.34E-05  2.30E-24  2.52E-05  
54Fe  3.35E-04  5.40E-04  7.42E-04  1.09E-20  1.13E-23  2.52E-03  1.56E-17  2.69E-03  
55Fe  1.45E-05  4.86E-05  5.43E-05  3.73E-19  3.03E-22  5.55E-05  8.70E-16  8.14E-05  
56Fe  2.86E-06  2.57E-06  4.30E-06  2.14E-15  5.52E-18  1.75E-05  2.80E-11  1.19E-05  
57Fe  1.39E-08  8.46E-08  5.39E-08  1.29E-15  2.76E-18  5.35E-08  1.11E-11  1.33E-07  
58Fe  4.18E-09  1.04E-08  2.71E-09  1.50E-15  1.94E-18  5.82E-09  3.33E-11  1.69E-09  
59Fe  2.98E-09  1.57E-12  5.03E-13  4.58E-16  6.80E-19  1.76E-12  2.88E-11  4.20E-11  
60Fe  1.08E-08  4.55E-16  7.77E-17  7.86E-17  5.81E-19  1.45E-14  1.08E-10  1.52E-10  
55Co  1.73E-04  4.22E-04  3.52E-04  1.17E-21  8.35E-25  6.48E-04  5.87E-18  9.11E-04  
56Co  3.99E-04  1.44E-03  1.93E-03  4.35E-20  3.03E-23  7.89E-04  2.14E-16  3.53E-03  
57Co  6.80E-05  2.95E-04  2.68E-04  4.42E-20  2.51E-23  1.18E-04  2.45E-16  3.75E-04  
58Co  1.50E-06  1.45E-05  1.81E-06  2.85E-20  1.69E-23  2.45E-06  3.43E-16  7.35E-07  
59Co  1.91E-09  7.97E-09  3.48E-09  1.25E-16  1.84E-19  8.07E-09  2.75E-12  3.34E-09  
60Co  6.37E-11  1.46E-10  7.98E-11  1.06E-16  3.46E-20  3.32E-10  1.20E-12  1.25E-10  
61Co  2.35E-09  1.31E-12  1.06E-13  5.71E-17  1.50E-19  4.41E-13  4.76E-13  1.00E-11  
56Ni  8.11E-02  1.91E-01  1.60E-01  3.19E-25  3.12E-28  1.67E-01  1.63E-21  2.88E-01  
57Ni  3.54E-03  8.89E-03  5.29E-03  3.06E-25  3.64E-29  5.16E-03  4.33E-22  6.35E-03  
58Ni  2.55E-03  2.07E-02  2.92E-03  5.97E-21  1.79E-24  2.70E-03  1.45E-17  1.79E-03  
59Ni  1.80E-04  6.21E-04  2.67E-04  1.91E-20  1.17E-23  2.28E-04  1.68E-17  2.02E-04  
60Ni  2.20E-03  4.54E-03  4.82E-03  1.23E-16  1.45E-19  2.47E-03  3.28E-15  4.13E-03  
61Ni  2.39E-05  1.00E-04  9.99E-05  9.84E-17  9.39E-20  3.64E-05  5.53E-12  1.15E-04  
62Ni  2.92E-05  2.75E-04  1.36E-04  2.03E-16  1.46E-19  1.02E-04  1.31E-11  1.35E-04  
63Ni  1.79E-09  6.41E-12  7.08E-13  1.50E-16  3.18E-20  4.32E-12  1.64E-11  2.18E-11  
64Ni  3.70E-09  6.13E-12  1.25E-12  1.90E-16  8.01E-20  3.91E-12  4.19E-11  5.92E-11 
65Ni  0.00      0.00      0.00      0.00      0.00      0.00      0.00      0.00       
59Cu  1.92E-14  4.77E-16  9.96E-24  5.21E-35  2.09E-39  1.47E-08  3.56E-34  1.12E-07  
60Cu  7.93E-04  6.30E-04  1.57E-04  6.62E-23  1.58E-26  2.16E-03  3.83E-22  1.93E-03  
61Cu  1.33E-04  3.22E-04  1.60E-04  7.28E-22  1.17E-25  1.97E-04  2.15E-17  1.61E-04  
62Cu  1.02E-05  5.17E-05  1.13E-05  2.66E-23  5.30E-27  9.39E-06  3.45E-19  5.93E-06  
63Cu  4.06E-06  1.44E-05  1.04E-05  4.50E-18  1.36E-20  6.79E-06  1.61E-15  7.43E-06  
64Cu  5.69E-12  7.69E-11  7.49E-12  3.21E-18  2.81E-21  1.98E-11  7.74E-16  6.08E-12  
65Cu  1.64E-08  2.25E-10  2.54E-10  2.92E-17  2.19E-20  1.51E-10  1.02E-11  3.56E-10  
66Cu  5.99E-12  2.15E-20  6.19E-21  1.14E-19  2.09E-23  5.57E-18  7.71E-16  7.77E-15  
60Zn  4.46E-09  9.35E-11  3.50E-15  1.43E-33  9.27E-38  9.93E-06  6.81E-34  7.97E-05  
61Zn  1.39E-13  2.29E-15  2.96E-22  7.84E-36  2.76E-40  3.03E-08  3.89E-33  4.68E-07  
62Zn  5.82E-04  2.88E-03  6.28E-04  2.87E-23  5.64E-26  5.92E-04  5.17E-21  3.86E-04  
63Zn  2.82E-06  4.31E-06  1.09E-06  4.33E-23  1.67E-26  6.56E-06  8.39E-22  3.80E-06  
64Zn  3.97E-05  4.48E-05  6.42E-05  5.76E-18  7.96E-21  6.94E-05  2.15E-16  9.62E-05  
65Zn  6.21E-07  1.64E-06  9.85E-07  2.12E-18  1.04E-21  8.11E-07  6.71E-16  7.55E-07  
66Zn  1.13E-07  1.26E-06  1.24E-06  7.16E-17  2.14E-20  1.10E-06  1.37E-11  1.98E-06  
67Zn  6.62E-10  8.05E-10  5.27E-10  9.44E-18  2.54E-21  9.75E-10  2.92E-12  3.62E-10  
68Zn  8.18E-09  2.15E-12  5.74E-13  7.71E-17  1.38E-20  2.35E-12  1.69E-10  2.27E-10  
69Zn  7.12E-09  8.20E-18  1.02E-17  2.56E-17  5.81E-21  2.19E-16  2.42E-12  4.87E-11  
64Ga  3.89E-10  4.57E-12  9.80E-16  1.63E-28  2.79E-32  4.00E-07  2.18E-28  4.21E-06  
65Ga  7.41E-08  4.68E-08  4.11E-09  1.28E-24  1.02E-28  2.72E-07  5.17E-20  2.84E-07  
66Ga  3.14E-06  2.19E-05  9.34E-06  7.35E-23  6.51E-27  4.77E-06  9.66E-18  6.32E-06  
67Ga  2.11E-08  8.50E-08  2.29E-08  9.02E-22  9.64E-26  2.74E-08  1.10E-15  8.36E-09  
68Ga  4.64E-13  3.71E-12  3.99E-13  3.61E-22  3.92E-26  7.62E-13  7.50E-16  1.33E-13  
69Ga  2.55E-08  2.39E-13  3.35E-14  1.93E-17  5.23E-21  3.33E-13  2.60E-11  6.28E-11  
70Ga  2.82E-09  6.16E-18  4.63E-18  1.90E-18  1.92E-22  1.00E-16  9.78E-13  3.60E-12  
64Ge  3.58E-17  1.21E-19  5.54E-28  1.37E-40  6.30E-45  5.87E-10  1.20E-41  3.23E-08  
65Ge  1.47E-29  4.97E-31  6.44E-46  5.87E-50  2.18E-55  5.62E-16  1.70E-48  1.75E-13  
66Ge  1.09E-05  4.35E-05  9.02E-06  7.43E-28  4.77E-32  1.13E-05  3.19E-22  6.04E-06  
67Ge  3.65E-09  4.27E-09  1.64E-10  4.37E-28  1.07E-32  5.38E-09  1.32E-22  1.95E-09  
68Ge  4.45E-09  3.48E-08  2.82E-09  2.23E-23  9.25E-27  5.42E-09  1.88E-16  1.00E-09  
69Ge  1.80E-12  8.39E-12  5.06E-13  1.04E-22  4.39E-26  2.80E-12  1.44E-15  9.05E-14  
70Ge  2.69E-08  2.18E-13  7.37E-15  7.58E-18  1.90E-21  5.06E-14  4.27E-11  5.38E-11  
71Ge  3.00E-08  3.09E-15  3.94E-15  6.10E-17  6.66E-21  3.74E-14  5.47E-10  7.36E-10  
Mass  10.7      11.8      13.6      14.7      16.0      20.6      18.8      23.2      
