elt   P30A      P30B      P35A      P35B      P35C      P40A      P40B      P40C    
KE    1.24      1.86      1.21      1.88      2.44      1.23      2.01      2.45    
1H    11.4      11.4      12.4      12.4      12.4      13.3      13.3      13.3      
4He   10.5      10.5      12.0      12.0      12.1      14.0      14.0      14.0      
2H    1.54E-04  1.54E-04  1.60E-04  1.60E-04  1.60E-04  1.70E-04  1.70E-04  1.70E-04  
3He   8.90E-04  8.90E-04  1.00E-03  1.00E-03  1.00E-03  1.09E-03  1.09E-03  1.09E-03  
7Li   2.90E-07  2.25E-07  1.97E-07  1.45E-07  1.20E-07  2.16E-07  1.70E-07  1.54E-07  
7Be   3.80E-07  3.39E-07  4.30E-07  3.76E-07  3.47E-07  4.03E-07  3.48E-07  3.28E-07  
9Be   2.11E-12  1.96E-12  6.27E-13  4.23E-13  3.28E-13  1.27E-12  9.97E-13  9.13E-13  
10B   1.08E-10  1.08E-10  1.09E-10  1.02E-10  1.40E-10  1.21E-10  1.38E-10  1.80E-10  
11B   6.01E-07  5.53E-07  4.34E-07  4.65E-07  4.45E-07  4.25E-07  6.58E-07  6.37E-07  
11C   2.31E-07  1.91E-07  2.18E-07  2.75E-07  2.65E-07  2.31E-07  4.62E-07  4.71E-07  
12C   3.04E-01  3.04E-01  3.19E-01  3.34E-01  3.33E-01  3.37E-01  3.99E-01  4.00E-01  
13C   1.21E-04  1.21E-04  1.36E-04  1.35E-04  1.35E-04  1.54E-04  1.54E-04  1.54E-04  
14C   5.43E-07  5.73E-07  5.57E-07  6.01E-07  6.07E-07  6.30E-07  7.50E-07  7.45E-07 
13N   0.00      0.00      0.00      0.00      0.00      0.00      0.00      0.00  
14N   1.08E-02  1.08E-02  1.29E-02  1.29E-02  1.29E-02  1.59E-02  1.59E-02  1.59E-02  
15N   1.35E-04  1.42E-04  6.62E-05  1.81E-04  1.83E-04  4.33E-05  1.85E-04  2.17E-04  
16O   4.11      4.42      3.10      5.78      5.98      2.72      6.25      7.15      
17O   3.78E-05  3.78E-05  4.28E-05  4.28E-05  4.28E-05  4.72E-05  4.73E-05  4.73E-05  
18O   8.27E-05  8.16E-05  1.09E-05  1.06E-05  1.04E-05  7.78E-06  7.54E-06  7.45E-06  
19F   8.21E-05  7.47E-05  6.65E-05  1.03E-04  9.84E-05  7.14E-05  1.97E-04  1.90E-04  
20Ne  6.38E-01  6.26E-01  4.92E-01  8.01E-01  7.91E-01  6.03E-01  1.46      1.45      
21Ne  1.07E-04  1.03E-04  1.69E-04  2.45E-04  2.41E-04  2.81E-04  5.85E-04  5.78E-04  
22Ne  5.01E-03  5.01E-03  5.48E-03  5.48E-03  5.47E-03  5.64E-03  5.69E-03  5.68E-03  
22Na  4.41E-06  4.33E-06  4.41E-06  7.11E-06  7.01E-06  1.02E-05  2.07E-05  2.06E-05  
23Na  2.90E-03  2.86E-03  3.79E-03  5.33E-03  5.25E-03  7.00E-03  1.37E-02  1.36E-02  
24Na  0.00      0.00      0.00      0.00      0.00      0.00      0.00      0.00      
24Mg  3.20E-01  3.36E-01  1.45E-01  3.45E-01  3.48E-01  7.75E-02  2.67E-01  3.27E-01  
25Mg  3.84E-03  3.79E-03  2.96E-03  4.63E-03  4.59E-03  2.86E-03  6.65E-03  6.68E-03  
26Mg  4.41E-03  4.35E-03  3.83E-03  5.53E-03  5.47E-03  3.75E-03  8.39E-03  8.34E-03  
26Al  1.44E-04  1.43E-04  9.29E-05  2.91E-04  2.89E-04  2.31E-05  2.47E-04  2.68E-04  
27Al  1.70E-02  1.76E-02  8.30E-03  1.92E-02  1.93E-02  4.78E-03  1.56E-02  1.83E-02  
28Al  0.00      0.00      0.00      0.00      0.00      0.00      0.00      0.00      
28Si  7.20E-02  2.06E-01  2.44E-02  1.06E-01  3.56E-01  7.81E-03  2.68E-02  4.19E-01  
29Si  2.63E-03  3.29E-03  1.20E-03  3.41E-03  4.01E-03  4.19E-04  1.91E-03  3.56E-03  
30Si  3.98E-03  4.74E-03  1.56E-03  5.19E-03  5.51E-03  3.26E-04  1.78E-03  3.56E-03  
31P   9.96E-04  1.28E-03  4.03E-04  1.24E-03  1.54E-03  1.37E-04  4.60E-04  1.19E-03  
32S   2.82E-03  6.44E-02  1.80E-03  5.52E-03  1.47E-01  1.61E-03  2.03E-03  1.95E-01  
33S   5.43E-05  2.33E-04  1.74E-05  1.51E-04  3.73E-04  1.08E-05  2.57E-05  4.04E-04  
34S   1.91E-04  7.42E-04  7.52E-05  4.64E-04  1.19E-03  2.74E-05  7.85E-05  1.14E-03  
35S   7.08E-07  9.69E-07  3.19E-07  8.38E-07  1.18E-06  2.55E-07  5.86E-07  1.13E-06  
36S   1.58E-06  1.61E-06  1.64E-06  2.30E-06  2.30E-06  1.80E-06  3.48E-06  3.52E-06  
35Cl  7.31E-05  1.45E-04  2.56E-05  1.00E-04  2.22E-04  8.55E-06  2.47E-05  2.04E-04  
36Cl  3.84E-07  1.09E-06  1.59E-07  5.59E-07  1.65E-06  9.64E-08  2.24E-07  1.78E-06  
37Cl  1.72E-05  1.74E-05  1.91E-05  2.36E-05  2.40E-05  2.20E-05  3.61E-05  3.66E-05  
36Ar  3.05E-04  1.24E-02  2.98E-04  4.58E-04  2.87E-02  3.25E-04  3.36E-04  3.81E-02  
37Ar  8.91E-07  1.17E-05  4.98E-07  2.14E-06  2.18E-05  3.31E-07  6.42E-07  2.32E-05  
38Ar  4.26E-05  2.52E-04  3.65E-05  6.55E-05  4.67E-04  3.67E-05  6.99E-05  4.66E-04  
40Ar  9.67E-07  9.52E-07  1.04E-06  1.47E-06  1.45E-06  1.16E-06  2.38E-06  2.36E-06  
39K   1.89E-05  7.27E-05  1.27E-05  2.48E-05  1.45E-04  1.05E-05  2.18E-05  1.56E-04  
40K   5.14E-07  5.38E-07  4.46E-07  6.67E-07  7.14E-07  4.59E-07  9.51E-07  1.00E-06  
41K   6.94E-07  6.91E-07  7.30E-07  9.05E-07  9.04E-07  8.31E-07  1.35E-06  1.35E-06  
40Ca  1.82E-04  1.14E-02  1.97E-04  2.04E-04  2.65E-02  2.19E-04  2.25E-04  3.45E-02  
41Ca  5.72E-07  4.09E-06  5.21E-07  7.04E-07  7.90E-06  4.86E-07  6.38E-07  8.60E-06  
42Ca  1.49E-06  7.13E-06  1.28E-06  2.03E-06  1.42E-05  1.27E-06  2.25E-06  1.37E-05  
43Ca  3.51E-07  5.11E-07  2.97E-07  4.61E-07  9.24E-07  2.99E-07  6.42E-07  1.78E-06  
44Ca  2.16E-06  2.14E-06  2.04E-06  2.60E-06  2.59E-06  2.15E-06  3.38E-06  3.38E-06  
45Ca  5.72E-08  5.64E-08  7.38E-08  1.09E-07  1.09E-07  9.07E-08  1.99E-07  1.98E-07  
46Ca  1.32E-08  1.29E-08  1.73E-08  2.79E-08  2.80E-08  2.00E-08  4.98E-08  4.96E-08  
47Ca  1.40E-10  1.38E-10  2.79E-10  4.75E-10  5.36E-10  2.91E-10  8.82E-10  9.15E-10  
48Ca  1.56E-09  1.56E-09  1.72E-09  1.77E-09  1.78E-09  1.93E-09  2.08E-09  2.09E-09  
43Sc  1.79E-09  1.60E-07  8.65E-10  2.68E-09  1.44E-06  2.42E-10  1.73E-09  6.49E-07  
45Sc  4.17E-07  1.94E-06  2.64E-07  4.83E-07  6.91E-07  1.86E-07  4.49E-07  1.02E-06  
44Ti  1.00E-08  5.14E-05  1.77E-09  2.26E-08  2.13E-04  3.57E-11  5.45E-09  2.27E-04  
45Ti  1.46E-09  5.33E-07  3.13E-10  2.70E-09  1.32E-06  4.29E-11  1.24E-09  3.44E-07  
46Ti  7.82E-07  3.17E-06  5.12E-07  1.09E-06  6.31E-06  4.02E-07  8.52E-07  6.11E-06  
47Ti  2.99E-07  8.68E-07  2.16E-07  4.04E-07  2.66E-06  1.89E-07  4.21E-07  4.19E-06  
48Ti  3.53E-06  3.69E-06  3.77E-06  3.97E-06  4.00E-06  4.15E-06  4.45E-06  5.35E-06  
49Ti  5.55E-07  5.52E-07  5.71E-07  7.27E-07  7.22E-07  6.21E-07  1.00E-06  1.00E-06  
50Ti  1.10E-06  1.08E-06  9.28E-07  1.50E-06  1.49E-06  8.74E-07  1.92E-06  1.92E-06  
47V   1.32E-09  1.86E-07  3.62E-10  2.64E-09  1.47E-06  2.34E-11  1.56E-09  1.02E-07  
48V   5.32E-09  2.26E-05  1.47E-09  8.80E-09  1.47E-05  2.12E-10  3.83E-09  1.37E-04  
49V   1.40E-07  3.48E-06  6.50E-08  2.02E-07  8.78E-06  1.74E-08  9.08E-08  2.45E-05  
50V   6.73E-08  6.97E-08  3.77E-08  8.29E-08  8.87E-08  1.78E-08  5.98E-08  7.13E-08  
51V   3.14E-07  3.38E-07  2.86E-07  3.92E-07  3.97E-07  2.81E-07  4.15E-07  6.81E-07  
48Cr  2.27E-10  2.01E-04  1.19E-11  3.51E-10  7.19E-04  2.96E-13  2.10E-10  6.53E-04  
49Cr  2.54E-10  4.48E-06  1.29E-11  4.86E-10  1.56E-05  6.77E-13  2.31E-10  3.46E-06  
50Cr  1.77E-07  1.48E-05  1.47E-07  3.33E-07  3.79E-05  1.50E-07  1.72E-07  5.44E-05  
51Cr  3.35E-08  7.21E-06  1.16E-08  9.13E-08  1.48E-05  2.07E-09  1.86E-08  5.18E-05  
52Cr  2.40E-05  3.08E-05  2.62E-05  2.67E-05  2.83E-05  2.92E-05  2.97E-05  9.08E-05  
53Cr  1.49E-06  1.49E-06  1.64E-06  1.70E-06  1.71E-06  1.82E-06  1.94E-06  1.95E-06  
54Cr  2.05E-06  2.02E-06  1.69E-06  2.53E-06  2.52E-06  1.72E-06  3.39E-06  3.38E-06  
51Mn  2.01E-10  1.06E-05  1.52E-11  4.02E-10  3.36E-05  3.07E-12  1.91E-10  6.30E-06  
52Mn  2.49E-09  3.65E-04  1.95E-10  5.34E-09  2.79E-04  2.82E-11  1.88E-09  3.22E-03  
53Mn  3.67E-08  1.18E-04  1.18E-08  7.66E-08  3.40E-04  2.29E-09  1.89E-08  4.66E-04  
54Mn  3.67E-08  5.74E-07  1.38E-08  5.19E-08  1.35E-06  1.91E-09  2.43E-08  1.91E-06  
55Mn  5.43E-06  5.44E-06  5.72E-06  5.98E-06  6.00E-06  6.26E-06  6.65E-06  6.74E-06  
52Fe  1.01E-11  2.43E-03  2.77E-13  1.67E-11  7.49E-03  2.58E-14  7.65E-12  5.45E-03  
53Fe  1.43E-11  2.49E-05  7.95E-13  3.14E-11  6.56E-05  3.83E-13  7.51E-12  5.07E-06  
54Fe  1.13E-05  1.58E-03  1.24E-05  1.25E-05  4.25E-03  1.38E-05  1.38E-05  6.26E-03  
55Fe  1.81E-07  7.96E-05  2.29E-07  4.01E-07  1.12E-04  2.65E-07  3.15E-07  5.04E-04  
56Fe  1.51E-03  1.53E-03  1.66E-03  1.67E-03  1.69E-03  1.85E-03  1.86E-03  1.92E-03  
57Fe  6.49E-05  6.53E-05  7.45E-05  7.85E-05  7.89E-05  8.42E-05  9.09E-05  9.20E-05  
58Fe  5.98E-05  5.92E-05  4.75E-05  7.12E-05  7.15E-05  4.96E-05  9.12E-05  9.20E-05  
59Fe  8.54E-07  8.77E-07  1.56E-06  2.32E-06  2.81E-06  3.21E-06  6.17E-06  6.50E-06  
60Fe  8.70E-08  8.68E-08  2.49E-07  4.19E-07  5.48E-07  3.49E-07  7.96E-07  8.82E-07  
55Co  3.30E-10  5.05E-04  1.25E-10  4.48E-10  1.74E-03  9.00E-11  3.05E-10  1.73E-03  
56Co  9.56E-09  4.95E-03  4.46E-09  1.18E-08  2.54E-03  3.26E-09  9.39E-09  2.23E-02  
57Co  5.51E-07  4.87E-04  1.54E-07  7.86E-07  3.44E-04  2.25E-08  2.69E-07  2.23E-03  
58Co  2.69E-07  4.93E-07  7.02E-08  4.15E-07  1.15E-05  1.43E-08  1.52E-07  1.11E-05  
59Co  2.59E-05  2.59E-05  1.75E-05  2.91E-05  2.88E-05  1.58E-05  3.22E-05  3.33E-05  
60Co  2.07E-06  2.04E-06  1.85E-06  3.18E-06  3.14E-06  2.67E-06  6.25E-06  6.22E-06  
61Co  6.55E-08  6.75E-08  1.12E-07  2.44E-07  2.64E-07  8.66E-08  3.35E-07  3.60E-07  
56Ni  2.64E-11  1.82E-01  3.07E-12  3.62E-11  6.10E-01  3.36E-13  9.85E-12  6.72E-01  
57Ni  2.26E-10  3.68E-03  3.09E-11  7.49E-10  1.61E-02  1.50E-11  8.30E-11  1.54E-02  
58Ni  2.44E-05  5.40E-04  2.66E-05  2.75E-05  1.49E-02  2.96E-05  2.96E-05  1.55E-02  
59Ni  9.63E-07  7.74E-05  5.44E-07  2.15E-06  8.80E-04  4.78E-07  6.85E-07  9.75E-04  
60Ni  6.50E-05  4.12E-03  5.70E-05  7.95E-05  8.61E-03  5.87E-05  7.95E-05  1.50E-02  
61Ni  1.91E-05  1.56E-04  1.38E-05  2.21E-05  1.32E-04  1.32E-05  2.65E-05  5.92E-04  
62Ni  4.63E-05  1.34E-04  3.25E-05  6.07E-05  3.95E-04  2.88E-05  5.85E-05  1.14E-03  
63Ni  9.11E-06  8.97E-06  7.68E-06  1.18E-05  1.17E-05  9.20E-06  2.10E-05  2.09E-05  
64Ni  6.59E-05  6.49E-05  5.14E-05  8.59E-05  8.46E-05  4.76E-05  1.09E-04  1.09E-04  
65Ni  1.45E-07  1.42E-07  1.76E-07  2.90E-07  3.11E-07  2.04E-07  5.35E-07  5.53E-07  
59Cu  0.00      0.00      0.00      0.00      0.00      0.00      0.00      0.00      
60Cu  1.10E-09  1.16E-07  4.27E-10  1.39E-09  5.12E-03  2.48E-10  9.26E-10  2.26E-07  
61Cu  1.12E-08  4.60E-05  4.02E-09  1.47E-08  6.03E-04  1.18E-09  9.28E-09  1.83E-04  
62Cu  8.75E-09  2.33E-06  1.43E-09  1.44E-08  3.67E-05  4.19E-10  6.66E-09  2.91E-05  
63Cu  7.22E-06  1.45E-05  5.04E-06  8.84E-06  3.09E-05  4.61E-06  9.30E-06  5.11E-05  
64Cu  1.07E-06  1.08E-06  6.41E-07  1.62E-06  1.62E-06  3.02E-07  1.27E-06  1.53E-06  
65Cu  2.02E-05  2.03E-05  1.53E-05  2.74E-05  2.71E-05  1.41E-05  3.19E-05  3.33E-05  
66Cu  3.05E-08  2.42E-08  3.25E-08  6.32E-08  6.55E-08  2.75E-08  7.10E-08  8.44E-08  
60Zn  9.16E-16  6.71E-12  2.13E-16  8.62E-16  2.95E-06  7.21E-17  3.67E-16  3.24E-14  
61Zn  9.41E-16  7.22E-15  2.55E-16  1.10E-15  1.87E-09  3.41E-17  1.85E-16  3.79E-16  
62Zn  1.05E-09  1.29E-04  2.50E-10  1.27E-09  2.15E-03  1.55E-10  9.07E-10  1.62E-03  
63Zn  2.36E-09  1.12E-08  7.73E-10  3.65E-09  1.41E-05  5.19E-10  2.35E-09  3.88E-08  
64Zn  7.07E-06  9.97E-05  5.29E-06  1.04E-05  1.38E-04  5.37E-06  1.00E-05  1.43E-04  
65Zn  1.88E-06  2.92E-06  1.13E-06  2.90E-06  4.99E-06  1.09E-06  2.81E-06  6.59E-06  
66Zn  3.17E-05  3.73E-05  2.40E-05  4.93E-05  5.24E-05  2.20E-05  5.05E-05  7.52E-05  
67Zn  8.18E-06  8.04E-06  6.81E-06  1.11E-05  1.09E-05  6.67E-06  1.57E-05  1.56E-05  
68Zn  4.63E-05  4.64E-05  3.99E-05  7.04E-05  6.96E-05  3.58E-05  8.39E-05  8.66E-05  
69Zn  1.64E-07  1.59E-07  2.14E-07  3.80E-07  3.94E-07  2.38E-07  7.25E-07  7.50E-07  
64Ga  7.57E-12  1.16E-11  3.45E-12  8.57E-12  9.89E-08  2.10E-12  6.28E-12  8.40E-12  
65Ga  1.33E-10  1.65E-10  5.51E-11  1.90E-10  4.05E-07  3.32E-11  1.34E-10  2.08E-10  
66Ga  2.95E-09  4.69E-06  1.20E-09  4.40E-09  1.56E-05  6.53E-10  3.33E-09  3.43E-05  
67Ga  2.02E-07  2.13E-07  6.94E-08  2.99E-07  3.86E-07  8.06E-09  1.52E-07  3.39E-07  
68Ga  5.66E-08  6.09E-08  2.57E-08  1.17E-07  1.21E-07  4.65E-09  6.41E-08  1.06E-07  
69Ga  6.28E-06  6.74E-06  5.21E-06  1.08E-05  1.08E-05  5.16E-06  1.18E-05  1.42E-05  
70Ga  1.61E-07  1.62E-07  2.41E-07  6.09E-07  6.27E-07  1.55E-07  7.12E-07  7.93E-07  
64Ge  1.69E-18  3.73E-18  4.45E-19  1.89E-18  5.28E-12  1.60E-19  8.14E-19  1.29E-18  
65Ge  5.15E-22  1.95E-21  1.14E-22  8.74E-22  3.70E-20  3.02E-23  2.80E-22  5.43E-22  
66Ge  6.49E-12  9.68E-07  1.01E-12  8.34E-12  3.21E-05  8.18E-14  3.91E-12  6.77E-06  
67Ge  1.62E-11  2.16E-11  2.77E-12  2.45E-11  6.60E-09  1.90E-13  7.67E-12  2.88E-11  
68Ge  1.86E-08  3.99E-08  1.13E-09  5.37E-08  9.45E-08  2.98E-10  8.92E-09  1.48E-07  
69Ge  2.46E-08  3.60E-08  7.72E-09  6.01E-08  5.92E-08  3.83E-09  2.12E-08  7.12E-08  
70Ge  1.17E-05  1.49E-05  8.45E-06  2.58E-05  2.63E-05  6.50E-06  1.64E-05  2.87E-05  
71Ge  4.04E-05  3.97E-05  4.00E-05  6.63E-05  6.52E-05  3.75E-05  8.79E-05  8.74E-05  
Mass  27.4      28.2      28.5      31.8      33.2      31.1      35.8      38.2      
