M     20        25        30        40      
E     10        10        20        30      
Mcut  1.74      2.03      2.97      2.63    
p     7.93E+00  8.41E+00  8.75E+00  3.55E+00  
d     2.47E-13  1.97E-13  7.25E-13  1.43E-12  
3He   2.38E-04  2.21E-04  2.12E-04  5.05E-05  
4He   6.76E+00  7.25E+00  8.37E+00  4.78E+00  
6Li   8.22E-16  6.56E-16  2.41E-15  4.75E-15  
7Li   3.57E-12  5.29E-13  1.56E-14  5.72E-13  
9Be   1.21E-16  1.85E-16  6.98E-16  2.43E-15  
10B   1.47E-10  1.51E-10  1.55E-10  7.44E-14  
11B   6.62E-10  6.79E-10  6.96E-10  3.80E-13  
12C   2.09E-01  1.44E-01  1.79E-01  4.90E-01  
13C   1.45E-03  6.65E-02  1.92E-03  4.31E-04  
14N   7.19E-02  8.43E-02  1.02E-01  5.81E-02  
15N   2.53E-04  4.63E-02  1.54E-05  4.26E-05  
16O   9.80E-01  2.18E+00  2.74E+00  7.05E+00  
17O   9.49E-04  1.34E-03  1.68E-03  9.69E-04  
18O   3.98E-03  8.37E-02  2.79E-03  1.04E-02  
19F   6.92E-05  1.18E-04  9.32E-06  9.84E-06  
20Ne  2.92E-01  6.47E-01  5.41E-01  1.74E+00  
21Ne  1.98E-03  1.70E-03  2.57E-03  5.19E-03  
22Ne  8.81E-03  1.66E-02  1.13E-02  1.07E-02  
23Na  1.20E-02  1.41E-02  1.81E-02  5.76E-02  
24Mg  6.88E-02  2.08E-01  1.68E-01  3.29E-01  
25Mg  1.12E-02  2.42E-02  2.18E-02  5.82E-02  
26Mg  7.50E-03  2.11E-02  2.36E-02  5.93E-02  
26Al  1.81E-05  6.23E-05  4.84E-05  9.70E-05  
27Al  8.56E-03  2.34E-02  2.37E-02  7.20E-02  
28Si  9.41E-02  1.24E-01  2.67E-01  3.28E-01  
29Si  2.95E-03  8.30E-03  1.08E-02  1.70E-02  
30Si  3.49E-03  1.10E-02  1.50E-02  1.97E-02  
31P   9.79E-04  1.99E-03  3.65E-03  5.43E-03  
32S   4.75E-02  4.35E-02  1.08E-01  1.40E-01  
33S   5.28E-04  6.07E-04  1.42E-03  1.73E-03  
34S   3.77E-03  4.36E-03  1.40E-02  1.69E-02  
36S   1.30E-05  2.23E-05  5.90E-05  8.41E-05  
35Cl  2.68E-04  1.58E-04  6.05E-04  8.23E-04  
37Cl  9.70E-05  1.40E-04  2.33E-04  5.21E-04  
36Ar  7.35E-03  6.63E-03  1.41E-02  1.98E-02  
38Ar  1.22E-03  5.80E-04  4.51E-03  5.14E-03  
40Ar  3.19E-06  3.30E-06  1.36E-05  8.04E-06  
39K   1.37E-04  6.78E-05  2.58E-04  2.56E-04  
40K   1.79E-07  2.25E-07  5.09E-07  9.26E-07  
41K   1.37E-05  1.11E-05  2.65E-05  4.65E-05  
40Ca  4.99E-03  5.67E-03  9.29E-03  1.42E-02  
42Ca  3.53E-05  1.34E-05  1.12E-04  1.24E-04  
43Ca  2.84E-06  3.57E-06  6.10E-06  7.56E-06  
44Ca  5.12E-05  9.93E-05  1.28E-04  4.13E-04  
46Ca  9.08E-07  1.33E-06  2.39E-06  3.71E-06  
48Ca  2.95E-06  2.77E-06  1.23E-05  2.69E-06  
45Sc  1.83E-06  2.71E-06  4.44E-06  6.81E-06  
46Ti  1.66E-05  7.32E-06  4.57E-05  5.62E-05  
47Ti  5.70E-06  8.09E-06  1.28E-05  3.99E-05  
48Ti  7.37E-05  1.66E-04  2.27E-04  5.93E-04  
49Ti  4.41E-06  8.24E-06  1.17E-05  1.84E-05  
50Ti  5.21E-06  1.06E-05  8.54E-06  3.31E-05  
50V   5.94E-08  1.40E-07  3.68E-07  3.69E-07  
51V   1.09E-05  1.55E-05  2.48E-05  6.58E-05  
50Cr  7.07E-05  2.02E-05  9.87E-05  1.21E-04  
52Cr  4.11E-04  9.25E-04  1.45E-03  2.47E-03  
53Cr  5.54E-05  7.52E-05  1.34E-04  1.44E-04  
54Cr  1.48E-05  2.42E-05  3.72E-05  4.99E-05  
55Mn  3.18E-04  3.53E-04  5.85E-04  4.94E-04  
54Fe  3.79E-03  2.12E-03  4.03E-03  5.89E-03  
56Fe  3.57E-02  8.87E-02  1.04E-01  2.77E-01  
57Fe  1.22E-03  2.83E-03  4.11E-03  8.90E-03  
58Fe  4.24E-04  7.36E-04  1.76E-03  1.36E-03  
59Co  2.43E-04  4.22E-04  6.60E-04  1.42E-03  
58Ni  1.52E-03  2.12E-03  3.37E-03  7.14E-03  
60Ni  1.20E-03  3.14E-03  3.33E-03  1.12E-02  
61Ni  2.43E-04  2.97E-04  9.10E-04  8.55E-04  
62Ni  3.69E-04  8.87E-04  8.34E-04  2.97E-03  
64Ni  1.60E-04  5.10E-04  6.97E-05  1.95E-03  
63Cu  9.89E-05  2.32E-04  6.14E-05  5.85E-04  
65Cu  4.15E-05  1.34E-04  2.02E-05  5.70E-04  
64Zn  5.27E-05  1.35E-04  8.32E-05  6.38E-04  
66Zn  7.13E-05  2.35E-04  7.40E-05  1.02E-03  
67Zn  1.17E-05  4.38E-05  3.01E-06  2.31E-04  
68Zn  5.33E-05  2.75E-04  1.19E-05  1.43E-03  
70Zn  2.45E-06  8.48E-06  5.89E-07  5.62E-05  
69Ga  6.82E-06  2.69E-05  1.27E-06  1.61E-04  
71Ga  4.95E-06  2.39E-05  2.26E-06  1.29E-04  
