# Integrated yields for WW 95 Type II, using the highest energy models for each mass.
# Integrated from 0.07 to 50 solar masses using the Kroupa IMF.
# elt  Z=0           Z=10^-4Z_sun  Z=0.001Z_sun  Z=0.1Z_sun    Z=Z_sun       
H_1    5.78E-02      5.62E-02      5.48E-02      5.40E-02      5.03E-02      
H_2    5.73E-08      3.20E-07      6.41E-07      8.04E-07      5.88E-07      
He_3   5.76E-07      1.82E-06      3.17E-06      4.06E-06      3.23E-06      
He_4   3.87E-02      4.09E-02      4.13E-02      4.12E-02      4.18E-02      
Li_7   2.47E-10      9.53E-10      1.53E-09      1.44E-09      1.38E-09      
Be_7   9.91E-09      1.76E-09      1.02E-09      1.56E-09      3.20E-09      
Be_9   1.78E-15      2.60E-14      3.39E-14      3.09E-14      2.12E-12      
B_10   7.12E-14      6.32E-14      5.91E-14      8.00E-13      2.19E-11      
B_11   2.12E-09      2.66E-09      2.58E-09      3.79E-09      6.13E-09      
C_11   3.31E-10      1.27E-09      1.43E-09      1.73E-09      2.25E-09      
C_12   9.39E-04      1.24E-03      1.21E-03      1.22E-03      1.25E-03      
C_13   2.13E-07      6.99E-08      8.79E-08      4.99E-07      8.35E-06      
C_14   2.46E-08      3.88E-09      7.28E-09      2.08E-08      4.99E-08      
N_13   2.32E-09      1.23E-08      1.81E-08      0.00E+00      0.00E+00      
N_14   1.80E-06      9.16E-08      4.32E-06      3.94E-05      4.03E-04      
N_15   2.65E-07      3.66E-07      3.85E-07      4.60E-07      9.57E-07      
O_16   6.39E-03      9.20E-03      9.67E-03      1.01E-02      1.13E-02      
O_17   2.97E-08      3.92E-09      8.12E-08      2.49E-07      4.90E-06      
O_18   9.96E-10      2.48E-09      2.04E-07      1.95E-06      3.82E-05      
F_19   1.57E-07      9.79E-08      8.77E-08      2.01E-07      4.31E-07      
Ne_20  1.49E-03      1.03E-03      9.39E-04      1.13E-03      1.37E-03      
Ne_21  3.72E-07      2.22E-07      2.87E-07      7.41E-07      3.22E-06      
Ne_22  1.37E-07      6.06E-08      1.50E-06      1.44E-05      1.38E-04      
Na_22  2.45E-08      1.34E-08      1.25E-08      1.07E-08      1.07E-08      
Na_23  7.22E-06      4.21E-06      4.05E-06      8.20E-06      3.64E-05      
Na_24  0.00E+00      0.00E+00      6.59E-09      0.00E+00      0.00E+00      
Mg_24  3.28E-04      4.30E-04      4.08E-04      4.74E-04      4.64E-04      
Mg_25  2.66E-06      2.10E-06      2.30E-06      7.80E-06      7.72E-05      
Mg_26  2.71E-06      1.85E-06      1.93E-06      8.66E-06      9.61E-05      
Al_26  1.37E-07      2.06E-07      2.13E-07      3.33E-07      5.65E-07      
Al_27  8.36E-06      1.39E-05      1.46E-05      2.64E-05      9.07E-05      
Al_28  0.00E+00      0.00E+00      2.10E-10      0.00E+00      0.00E+00      
Si_28  3.85E-04      9.54E-04      9.95E-04      1.02E-03      1.23E-03      
Si_29  1.79E-06      3.79E-06      4.42E-06      7.69E-06      5.37E-05      
Si_30  1.48E-06      3.12E-06      3.82E-06      8.51E-06      5.76E-05      
P_31   7.46E-07      2.40E-06      2.95E-06      4.16E-06      1.53E-05      
S_32   1.74E-04      4.72E-04      4.79E-04      4.89E-04      5.92E-04      
S_33   4.66E-07      1.78E-06      2.12E-06      2.35E-06      3.75E-06      
S_34   8.74E-07      2.25E-06      2.78E-06      6.74E-06      4.00E-05      
S_35   5.43E-10      2.12E-09      3.02E-09      7.28E-09      1.20E-07      
S_36   9.65E-10      4.54E-10      5.21E-10      4.83E-09      1.90E-07      
Cl_35  1.98E-07      1.07E-06      1.52E-06      2.06E-06      5.82E-06      
Cl_36  1.83E-09      8.34E-09      1.10E-08      1.43E-08      6.67E-08      
Cl_37  9.57E-10      1.10E-08      1.91E-08      6.90E-08      6.69E-07      
Ar_36  3.55E-05      9.82E-05      1.04E-04      1.01E-04      1.11E-04      
Ar_37  3.88E-08      2.25E-07      3.00E-07      2.86E-07      4.29E-07      
Ar_38  6.51E-07      1.86E-06      1.89E-06      4.08E-06      2.41E-05      
Ar_40  5.54E-11      2.77E-11      1.27E-10      2.51E-09      5.44E-08      
K_39   2.44E-07      9.32E-07      1.18E-06      1.38E-06      4.94E-06      
K_40   1.09E-10      1.22E-09      2.22E-09      3.68E-09      4.11E-08      
K_41   7.42E-11      1.41E-10      2.95E-10      2.45E-09      4.23E-08      
Ca_40  3.39E-05      7.77E-05      7.11E-05      7.08E-05      8.08E-05      
Ca_41  1.84E-08      7.43E-08      8.17E-08      8.16E-08      2.72E-07      
Ca_42  2.90E-08      7.98E-08      1.01E-07      1.90E-07      1.06E-06      
Ca_43  1.10E-09      1.03E-09      1.57E-09      3.47E-09      4.70E-08      
Ca_44  3.50E-11      2.33E-10      7.92E-10      7.20E-09      1.89E-07      
Ca_45  6.24E-12      3.71E-12      8.50E-12      2.18E-10      7.16E-09      
Ca_46  1.57E-11      8.59E-12      3.41E-12      8.47E-11      4.32E-09      
Ca_47  7.23E-12      3.38E-12      1.01E-12      1.40E-11      0.00E+00      
Ca_48  6.53E-11      2.38E-11      1.03E-12      1.22E-11      1.41E-08      
Sc_43  2.90E-09      2.30E-09      2.86E-09      3.90E-09      6.95E-09      
Sc_45  3.73E-09      2.68E-09      2.58E-09      3.31E-09      2.11E-08      
Ti_44  4.45E-07      4.56E-07      4.62E-07      4.14E-07      4.42E-07      
Ti_45  1.01E-08      1.86E-08      1.10E-08      9.97E-09      6.69E-09      
Ti_46  2.12E-08      2.84E-08      2.41E-08      4.39E-08      3.44E-07      
Ti_47  5.23E-09      3.04E-09      3.17E-09      4.43E-09      4.95E-08      
Ti_48  1.97E-10      2.91E-10      1.14E-09      1.50E-08      2.17E-07      
Ti_49  1.43E-11      6.68E-12      7.55E-11      1.49E-09      3.17E-08      
Ti_50  1.61E-11      9.21E-12      1.00E-10      2.09E-09      5.76E-08      
V_47   2.07E-09      4.26E-09      4.49E-09      5.29E-09      6.01E-09      
V_48   5.26E-08      4.18E-08      5.74E-08      5.34E-08      9.09E-08      
V_49   1.90E-08      1.21E-08      1.31E-08      1.56E-08      4.00E-08      
V_50   1.13E-11      1.97E-11      2.50E-11      1.46E-10      2.47E-09      
V_51   2.89E-11      1.92E-11      1.03E-10      1.06E-09      4.47E-08      
Cr_48  1.12E-06      1.48E-06      1.49E-06      1.42E-06      1.28E-06      
Cr_49  1.54E-08      3.53E-08      3.70E-08      4.35E-08      5.24E-08      
Cr_50  4.68E-08      6.33E-08      5.30E-08      1.71E-07      8.88E-07      
Cr_51  2.38E-08      1.95E-08      2.33E-08      3.12E-08      9.53E-08      
Cr_52  4.00E-09      3.36E-09      1.78E-08      1.23E-07      1.62E-06      
Cr_53  6.73E-12      1.21E-11      4.19E-10      6.02E-09      1.68E-07      
Cr_54  9.61E-12      8.12E-12      2.80E-10      4.52E-09      1.26E-07      
Mn_51  2.51E-08      7.10E-08      7.31E-08      9.68E-08      1.23E-07      
Mn_52  5.78E-07      4.30E-07      7.80E-07      9.21E-07      1.74E-06      
Mn_53  3.94E-07      4.81E-07      5.04E-07      6.13E-07      1.11E-06      
Mn_54  1.28E-09      2.00E-09      2.02E-09      6.31E-09      2.66E-08      
Mn_55  6.23E-11      6.36E-11      1.44E-09      2.23E-08      1.30E-06      
Fe_52  7.73E-06      1.39E-05      1.46E-05      1.51E-05      1.19E-05      
Fe_53  3.83E-08      2.36E-07      2.58E-07      3.46E-07      3.99E-07      
Fe_54  3.85E-06      5.45E-06      5.39E-06      1.48E-05      6.45E-05      
Fe_55  2.43E-07      1.97E-07      2.70E-07      3.68E-07      1.15E-06      
Fe_56  2.79E-08      3.15E-08      5.02E-07      6.64E-06      1.11E-04      
Fe_57  5.16E-10      3.91E-10      1.77E-08      2.55E-07      4.03E-06      
Fe_58  6.21E-11      1.07E-10      9.69E-09      1.50E-07      3.34E-06      
Fe_59  3.22E-12      1.80E-11      1.62E-09      2.36E-08      3.92E-07      
Fe_60  1.18E-11      3.05E-11      1.13E-09      1.38E-08      2.33E-07      
Co_55  2.06E-06      2.57E-06      3.06E-06      4.32E-06      6.32E-06      
Co_56  9.40E-06      6.75E-06      1.02E-05      9.60E-06      1.66E-05      
Co_57  1.40E-06      7.35E-07      1.08E-06      1.03E-06      2.29E-06      
Co_58  3.61E-08      3.91E-09      1.37E-08      2.45E-08      4.11E-08      
Co_59  4.55E-11      5.47E-11      3.11E-09      5.35E-08      1.24E-06      
Co_60  1.33E-12      2.96E-12      3.61E-10      6.59E-09      2.21E-07      
Co_61  2.44E-12      1.64E-11      5.48E-10      3.92E-09      1.69E-07      
Ni_56  9.66E-04      9.37E-04      1.21E-03      1.31E-03      1.05E-03      
Ni_57  3.26E-05      2.31E-05      3.30E-05      3.78E-05      3.49E-05      
Ni_58  4.20E-05      8.00E-06      2.07E-05      3.61E-05      6.33E-05      
Ni_59  1.83E-06      7.90E-07      1.36E-06      1.92E-06      2.54E-06      
Ni_60  2.04E-05      1.11E-05      1.17E-05      1.14E-05      1.66E-05      
Ni_61  4.50E-07      2.40E-07      3.15E-07      3.19E-07      1.30E-06      
Ni_62  1.07E-06      2.54E-07      3.34E-07      5.12E-07      4.31E-06      
Ni_63  2.16E-12      7.15E-12      1.13E-09      2.28E-08      8.89E-07      
Ni_64  4.77E-12      2.78E-11      7.34E-09      1.13E-07      2.91E-06      
Ni_65  0.00E+00      0.00E+00      1.47E-10      3.03E-09      8.43E-08      
Cu_59  6.81E-12      1.88E-09      5.12E-08      7.84E-08      4.19E-08      
Cu_60  6.78E-06      1.15E-05      1.59E-05      1.58E-05      7.85E-06      
Cu_61  1.13E-06      8.74E-07      1.20E-06      1.30E-06      9.36E-07      
Cu_62  1.13E-07      2.05E-08      3.41E-08      5.36E-08      8.60E-08      
Cu_63  5.78E-08      2.45E-08      2.57E-08      4.08E-08      2.31E-07      
Cu_64  2.07E-12      7.83E-13      1.58E-10      2.20E-09      2.66E-08      
Cu_65  1.85E-11      1.13E-11      2.69E-09      3.64E-08      6.71E-07      
Cu_66  6.03E-15      1.43E-14      1.29E-11      3.51E-10      1.05E-08      
Zn_60  3.70E-08      5.71E-07      2.16E-06      2.89E-06      1.14E-06      
Zn_61  1.11E-10      4.66E-09      4.48E-08      6.47E-08      3.17E-08      
Zn_62  6.06E-06      1.56E-06      3.72E-06      5.91E-06      7.17E-06      
Zn_63  2.16E-08      4.69E-08      4.82E-08      4.53E-08      3.05E-08      
Zn_64  5.61E-07      7.86E-07      6.75E-07      2.86E-07      3.15E-07      
Zn_65  7.56E-09      5.56E-09      5.05E-09      7.46E-09      3.08E-08      
Zn_66  1.07E-08      3.71E-09      1.12E-08      8.48E-08      1.14E-06      
Zn_67  1.01E-11      3.57E-12      8.08E-10      1.30E-08      2.62E-07      
Zn_68  1.06E-11      2.75E-11      6.30E-09      8.31E-08      2.31E-06      
Zn_69  7.57E-12      5.09E-12      6.26E-11      1.27E-09      6.04E-08      
Ga_64  5.30E-09      4.66E-08      1.03E-07      4.01E-08      1.35E-08      
Ga_65  1.68E-09      3.75E-09      4.00E-09      2.94E-09      2.21E-09      
Ga_66  6.20E-08      1.40E-08      1.74E-08      1.96E-08      5.66E-08      
Ga_67  3.01E-10      4.88E-11      1.19E-10      4.47E-10      9.78E-10      
Ga_68  4.57E-14      3.56E-14      1.54E-11      1.32E-10      7.08E-10      
Ga_69  2.62E-11      7.83E-12      1.34E-09      1.48E-08      2.23E-07      
Ga_70  2.86E-12      5.85E-13      4.29E-11      7.66E-10      3.32E-08      
Ge_64  6.86E-12      6.41E-10      4.03E-09      2.85E-09      7.87E-10      
Ge_65  2.91E-18      1.51E-14      4.93E-12      5.58E-12      2.55E-12      
Ge_66  1.01E-07      4.24E-08      8.13E-08      1.12E-07      1.07E-07      
Ge_67  2.40E-11      3.74E-11      8.47E-11      1.02E-10      6.56E-13      
Ge_68  2.89E-10      1.01E-11      5.27E-11      1.64E-10      1.62E-10      
Ge_69  5.74E-13      3.00E-14      1.96E-11      1.49E-10      1.34E-09      
Ge_70  2.76E-11      9.48E-12      4.65E-09      4.42E-08      5.90E-07      
Ge_71  3.72E-11      6.51E-11      5.65E-09      6.69E-08      1.60E-06      
